/*--------------------------------*- C++ -*----------------------------------*\
| =========                 |                                                 |
| \\      /  F ield         | OpenFOAM: The Open Source CFD Toolbox           |
|  \\    /   O peration     | Version:  v1806                                 |
|   \\  /    A nd           | Web:      www.OpenFOAM.com                      |
|    \\/     M anipulation  |                                                 |
\*---------------------------------------------------------------------------*/
FoamFile
{
    version     2.0;
    format      ascii;
    class       volScalarField;
    location    "6";
    object      u;
}
// * * * * * * * * * * * * * * * * * * * * * * * * * * * * * * * * * * * * * //

dimensions      [0 0 0 0 0 0 0];


internalField   nonuniform List<scalar> 
10000
(
1
1
1
1
1
1
1
1
1
1
1
1
1
1
1
1
1
1
1
1
1
1
1
1
1
1
1
1
1
1
1
1
1
1
1
1
1
1
1
1
1
1
1
1
1
1
1
1
1
1
1
1
1
1
1
1
1
1
1
1
1
1
1
1
1
1
1
1
1
1
1
1
1
1
1
1
1
1
1
1
1
1
1
1
1
1
1
1
1
1
1
1
1
1
1
1
1
1
1
1
1
1
1
1
1
1
1
1
1
1
1
1
1
1
1
1
1
1
1
1
1
1
1
1
1
1
1
1
1
1
1
1
1
1
1
1
1
1
1
1
1
1
1
1
1
1
1
1
1
1
1
1
1
1
1
1
1
1
1
1
1
1
1
1
1
1
1
1
1
1
1
1
1
1
1
1
1
1
1
1
1
1
1
1
1
1
1
1
1
1
1
1
1
1
1
1
1
1
1
1
1
1
1
1
1
1
1
1
1
1
1
1
1
1
1
1
1
1
1
1
1
1
1
1
1
1
1
1
1
1
1
1
1
1
1
1
1
1
1
1
1
1
1
1
1
1
1
1
1
1
1
1
1
1
1
1
1
1
1
1
1
1
1
1
1
1
1
1
1
1
1
1
1
1
1
1
1
1
1
1
1
1
1
1
1
1
1
1
1
1
1
1
1
1
1
1
1
1
1
1
1
1
1
1
1
1
1
1
1
1
1
1
1
1
1
1
1
1
1
1
1
1
1
1
1
1
1
1
1
1
1
1
1
1
1
1
1
1
1
1
1
1
1
1
1
1
1
1
1
1
1
1
1
1
1
1
1
1
1
1
1
1
1
1
1
1
1
1
1
1
1
1
1
1
1
1
1
1
1
1
1
1
1
1
1
1
1
1
1
1
1
1
1
1
1
1
1
1
1
1
1
1
1
1
1
1
1
1
1
1
1
1
1
1
1
1
1
1
1
1
1
1
1
1
1
1
1
1
1
1
1
1
1
1
1
1
1
1
1
1
1
1
1
1
1
1
1
1
1
1
1
1
1
1
1
1
1
1
1
1
1
1
1
1
1
1
1
1
1
1
1
1
1
1
1
1
1
1
1
1
1
1
1
1
1
1
1
1
1
1
1
1
1
1
1
1
1
1
1
1
1
1
1
1
1
1
1
1
1
1
1
1
1
1
1
1
1
1
1
1
1
1
1
1
1
1
1
1
1
1
1
1
1
1
1
1
1
1
1
1
1
1
1
1
1
1
1
1
1
1
1
1
1
1
1
1
1
1
1
1
1
1
1
1
1
1
1
1
1
1
1
1
1
1
1
1
1
1
1
1
1
1
1
1
1
1
1
1
1
1
1
1
1
1
1
1
1
1
1
1
1
1
1
1
1
1
1
1
1
1
1
1
1
1
1
1
1
1
1
1
1
1
1
1
1
1
1
1
1
1
1
1
1
1
1
1
1
1
1
1
1
1
1
1
1
1
1
1
1
1
1
1
1
1
1
1
1
1
1
1
1
1
1
1
1
1
1
1
1
1
1
1
1
1
1
1
1
1
1
1
1
1
1
1
1
1
1
1
1
1
1
1
1
1
1
1
1
1
1
1
1
1
1
1
1
1
1
1
1
1
1
1
1
1
1
1
1
1
1
1
1
1
1
1
1
1
1
1
1
1
1
1
1
1
1
1
1
1
1
1
1
1
1
1
1
1
1
1
1
1
1
1
1
1
1
1
1
1
1
1
1
1
1
1
1
1
1
1
1
1
1
1
1
1
1
1
1
1
1
1
1
1
1
1
1
1
1
1
1
1
1
1
1
1
1
1
1
1
1
1
1
1
1
1
1
1
1
1
1
1
1
1
1
1
1
1
1
1
1
1
1
1
1
1
1
1
1
1
1
1
1
1
1
1
1
1
1
1
1
1
1
1
1
1
1
1
1
1
1
1
1
1
1
1
1
1
1
1
1
1
1
1
1
1
1
1
1
1
1
1
1
1
1
1
1
1
1
1
1
1
1
1
1
1
1
1
1
1
1
1
1
1
1
1
1
1
1
1
1
1
1
1
1
1
1
1
1
1
1
1
1
1
1
1
1
1
1
1
1
1
1
1
1
1
1
1
1
1
1
1
1
1
1
1
1
1
1
1
1
1
1
1
1
1
1
1
1
1
1
1
1
1
1
1
1
1
1
1
1
1
1
1
1
1
1
1
1
1
1
1
1
1
1
1
1
1
1
1
1
1
1
1
1
1
1
1
1
1
1
1
1
1
1
1
1
1
1
1
1
1
1
1
1
1
1
1
1
1
1
1
1
1
1
1
1
1
1
1
1
1
1
1
1
1
1
1
1
1
1
1
1
1
1
1
1
1
1
1
1
1
1
1
1
1
1
1
1
1
1
1
1
1
1
1
1
1
1
1
1
1
1
1
1
1
1
1
1
1
1
1
1
1
1
1
1
1
1
1
1
1
1
1
1
1
1
1
1
1
1
1
1
1
1
1
1
1
1
1
1
1
1
1
1
1
1
1
1
1
1
1
1
1
1
1
1
1
1
1
1
1
1
1
1
1
1
1
1
1
1
1
1
1
1
1
1
1
1
1
1
1
1
1
1
1
1
1
1
1
1
1
1
1
1
1
1
1
1
1
1
1
1
1
1
1
1
1
1
1
1
1
1
1
1
1
1
1
1
1
1
1
1
1
1
1
1
1
1
1
1
1
1
1
1
1
1
1
1
1
1
1
1
1
1
1
1
1
1
1
1
1
1
1
1
1
1
1
1
1
1
1
1
1
1
1
1
1
1
1
1
1
1
1
1
1
1
1
1
1
1
1
1
1
1
1
1
1
1
1
1
1
1
1
1
1
1
1
1
1
1
1
1
1
1
1
1
1
1
1
1
1
1
1
1
1
1
1
1
1
1
1
1
1
1
1
1
1
1
1
1
1
1
1
1
1
1
1
1
1
1
1
1
1
1
1
1
1
1
1
1
1
1
1
1
1
1
1
1
1
1
1
1
1
1
1
1
1
1
1
1
1
1
1
1
1
1
1
1
1
1
1
1
1
1
1
1
1
1
1
1
1
1
1
1
1
1
1
1
1
1
1
1
1
1
1
1
1
1
1
1
1
1
1
1
1
1
1
1
1
1
1
1
1
1
1
1
1
1
1
1
1
1
1
1
1
1
1
1
1
1
1
1
1
1
1
1
1
1
1
1
1
1
1
1
1
1
1
1
1
1
1
1
1
1
1
1
1
1
1
1
1
1
1
1
1
1
1
1
1
1
1
1
1
1
1
1
1
1
1
1
1
1
1
1
1
1
1
1
1
1
1
1
1
1
1
1
1
1
1
1
1
1
1
1
1
1
1
1
1
1
1
1
1
1
1
1
1
1
1
1
1
1
1
1
1
1
1
1
1
1
1
1
1
1
1
1
1
1
1
1
1
1
1
1
1
1
1
1
1
1
1
1
1
1
1
1
1
1
1
1
1
1
1
1
1
1
1
1
1
1
1
1
1
1
1
1
1
1
1
1
1
1
1
1
1
1
1
1
1
1
1
1
1
1
1
1
1
1
1
1
1
1
1
1
1
1
1
1
1
1
1
1
1
1
1
1
1
1
1
1
1
1
1
1
1
1
1
1
1
1
1
1
1
1
1
1
1
1
1
1
1
1
1
1
1
1
1
1
1
1
1
1
1
1
1
1
1
1
1
1
1
1
1
1
1
1
1
1
1
1
1
1
1
1
1
1
1
1
1
1
0.998703
0.998703
1
1
1
1
1
1
1
1
1
1
1
1
1
1
1
1
1
1
1
1
1
1
1
1
1
1
1
1
1
1
1
1
1
1
1
1
1
1
1
1
1
1
1
1
1
1
1
1
1
1
1
1
1
1
1
1
1
1
1
1
1
1
1
1
1
1
1
1
1
1
1
1
1
1
1
1
1
1
1
1
1
1
1
1
1
1
1
1
1
1
1
0.986703
0.969903
0.955503
0.943503
0.933902
0.926702
0.921902
0.919502
0.919502
0.921902
0.926702
0.933902
0.943503
0.955503
0.969903
0.986703
1
1
1
1
1
1
1
1
1
1
1
1
1
1
1
1
1
1
1
1
1
1
1
1
1
1
1
1
1
1
1
1
1
1
1
1
1
1
1
1
1
1
1
1
1
1
1
1
1
1
1
1
1
1
1
1
1
1
1
1
1
1
1
1
1
1
1
1
1
1
1
1
1
1
1
1
1
1
1
1
1
0.974703
0.950703
0.929103
0.909903
0.893102
0.878702
0.866702
0.857102
0.849902
0.845102
0.842702
0.842702
0.845102
0.849902
0.857102
0.866702
0.878702
0.893102
0.909903
0.929103
0.950703
0.974703
1
1
1
1
1
1
1
1
1
1
1
1
1
1
1
1
1
1
1
1
1
1
1
1
1
1
1
1
1
1
1
1
1
1
1
1
1
1
1
1
1
1
1
1
1
1
1
1
1
1
1
1
1
1
1
1
1
1
1
1
1
1
1
1
1
1
1
1
1
1
1
1
1
1
1
0.986704
0.955503
0.926703
0.900303
0.876302
0.854702
0.835502
0.818702
0.804302
0.792301
0.782701
0.775501
0.770701
0.768301
0.768301
0.770701
0.775501
0.782701
0.792301
0.804302
0.818702
0.835502
0.854702
0.876302
0.900303
0.926703
0.955503
0.986704
1
1
1
1
1
1
1
1
1
1
1
1
1
1
1
1
1
1
1
1
1
1
1
1
1
1
1
1
1
1
1
1
1
1
1
1
1
1
1
1
1
1
1
1
1
1
1
1
1
1
1
1
1
1
1
1
1
1
1
1
1
1
1
1
1
1
1
1
1
1
0.984304
0.948304
0.914703
0.883503
0.854702
0.828302
0.804302
0.782702
0.763501
0.746701
0.732301
0.720301
0.710701
0.703501
0.698701
0.6963
0.6963
0.698701
0.703501
0.710701
0.720301
0.732301
0.746701
0.763501
0.782702
0.804302
0.828302
0.854702
0.883503
0.914703
0.948304
0.984304
1
1
1
1
1
1
1
1
1
1
1
1
1
1
1
1
1
1
1
1
1
1
1
1
1
1
1
1
1
1
1
1
1
1
1
1
1
1
1
1
1
1
1
1
1
1
1
1
1
1
1
1
1
1
1
1
1
1
1
1
1
1
1
1
1
1
0.993904
0.953104
0.914703
0.878703
0.845103
0.813902
0.785102
0.758702
0.734701
0.713101
0.693901
0.677101
0.6627
0.6507
0.6411
0.6339
0.6291
0.6267
0.6267
0.6291
0.6339
0.6411
0.6507
0.6627
0.677101
0.693901
0.713101
0.734701
0.758702
0.785102
0.813902
0.845103
0.878703
0.914703
0.953104
0.993904
1
1
1
1
1
1
1
1
1
1
1
1
1
1
1
1
1
1
1
1
1
1
1
1
1
1
1
1
1
1
1
1
1
1
1
1
1
1
1
1
1
1
1
1
1
1
1
1
1
1
1
1
1
1
1
1
1
1
1
1
1
1
1
0.969904
0.926704
0.885903
0.847503
0.811502
0.777902
0.746702
0.717901
0.691501
0.667501
0.6459
0.6267
0.6099
0.5955
0.5835
0.573899
0.566699
0.561899
0.559499
0.559499
0.561899
0.566699
0.573899
0.5835
0.5955
0.6099
0.6267
0.6459
0.667501
0.691501
0.717901
0.746702
0.777902
0.811502
0.847503
0.885903
0.926704
0.969904
1
1
1
1
1
1
1
1
1
1
1
1
1
1
1
1
1
1
1
1
1
1
1
1
1
1
1
1
1
1
1
1
1
1
1
1
1
1
1
1
1
1
1
1
1
1
1
1
1
1
1
1
1
1
1
1
1
1
1
1
0.998705
0.950704
0.905104
0.861903
0.821103
0.782702
0.746702
0.713101
0.681901
0.653101
0.6267
0.6027
0.5811
0.5619
0.545099
0.530699
0.518699
0.509099
0.501899
0.497099
0.494699
0.494699
0.497099
0.501899
0.509099
0.518699
0.530699
0.545099
0.5619
0.5811
0.6027
0.6267
0.653101
0.681901
0.713101
0.746702
0.782702
0.821103
0.861903
0.905104
0.950704
0.998705
1
1
1
1
1
1
1
1
1
1
1
1
1
1
1
1
1
1
1
1
1
1
1
1
1
1
1
1
1
1
1
1
1
1
1
1
1
1
1
1
1
1
1
1
1
1
1
1
1
1
1
1
1
1
1
1
1
0.986705
0.936304
0.888304
0.842703
0.799503
0.758702
0.720302
0.684301
0.650701
0.6195
0.5907
0.5643
0.5403
0.518699
0.499499
0.482699
0.468299
0.456298
0.446698
0.439498
0.434698
0.432298
0.432298
0.434698
0.439498
0.446698
0.456298
0.468299
0.482699
0.499499
0.518699
0.5403
0.5643
0.5907
0.6195
0.650701
0.684301
0.720302
0.758702
0.799503
0.842703
0.888304
0.936304
0.986705
1
1
1
1
1
1
1
1
1
1
1
1
1
1
1
1
1
1
1
1
1
1
1
1
1
1
1
1
1
1
1
1
1
1
1
1
1
1
1
1
1
1
1
1
1
1
1
1
1
1
1
1
1
1
1
0.979505
0.926704
0.876304
0.828303
0.782703
0.739502
0.698702
0.660301
0.624301
0.5907
0.5595
0.5307
0.504299
0.480299
0.458699
0.439498
0.422698
0.408298
0.396298
0.386698
0.379498
0.374698
0.372298
0.372298
0.374698
0.379498
0.386698
0.396298
0.408298
0.422698
0.439498
0.458699
0.480299
0.504299
0.5307
0.5595
0.5907
0.624301
0.660301
0.698702
0.739502
0.782703
0.828303
0.876304
0.926704
0.979505
1
1
1
1
1
1
1
1
1
1
1
1
1
1
1
1
1
1
1
1
1
1
1
1
1
1
1
1
1
1
1
1
1
1
1
1
1
1
1
1
1
1
1
1
1
1
1
1
1
1
1
1
1
0.977105
0.921904
0.869103
0.818703
0.770702
0.725102
0.681901
0.641101
0.602701
0.5667
0.5331
0.501899
0.473099
0.446699
0.422698
0.401098
0.381898
0.365098
0.350698
0.338697
0.329097
0.321897
0.317097
0.314697
0.314697
0.317097
0.321897
0.329097
0.338697
0.350698
0.365098
0.381898
0.401098
0.422698
0.446699
0.473099
0.501899
0.5331
0.5667
0.602701
0.641101
0.681901
0.725102
0.770702
0.818703
0.869103
0.921904
0.977105
1
1
1
1
1
1
1
1
1
1
1
1
1
1
1
1
1
1
1
1
1
1
1
1
1
1
1
1
1
1
1
1
1
1
1
1
1
1
1
1
1
1
1
1
1
1
1
1
1
1
1
0.979505
0.921904
0.866703
0.813903
0.763502
0.715502
0.669901
0.626701
0.5859
0.5475
0.5115
0.477899
0.446699
0.417898
0.391498
0.367498
0.345898
0.326697
0.309897
0.295497
0.283497
0.273897
0.266697
0.261897
0.259497
0.259497
0.261897
0.266697
0.273897
0.283497
0.295497
0.309897
0.326697
0.345898
0.367498
0.391498
0.417898
0.446699
0.477899
0.5115
0.5475
0.5859
0.626701
0.669901
0.715502
0.763502
0.813903
0.866703
0.921904
0.979505
1
1
1
1
1
1
1
1
1
1
1
1
1
1
1
1
1
1
1
1
1
1
1
1
1
1
1
1
1
1
1
1
1
1
1
1
1
1
1
1
1
1
1
1
1
1
1
1
1
0.986705
0.926704
0.869103
0.813903
0.761102
0.710702
0.662701
0.617101
0.5739
0.5331
0.494699
0.458699
0.425099
0.393898
0.365098
0.338698
0.314697
0.293097
0.273897
0.257097
0.242696
0.230696
0.221096
0.213896
0.209096
0.206696
0.206696
0.209096
0.213896
0.221096
0.230696
0.242696
0.257097
0.273897
0.293097
0.314697
0.338698
0.365098
0.393898
0.425099
0.458699
0.494699
0.5331
0.5739
0.617101
0.662701
0.710702
0.761102
0.813903
0.869103
0.926704
0.986705
1
1
1
1
1
1
1
1
1
1
1
1
1
1
1
1
1
1
1
1
1
1
1
1
1
1
1
1
1
1
1
1
1
1
1
1
1
1
1
1
1
1
1
1
1
1
1
0.998705
0.936304
0.876304
0.818703
0.763502
0.710702
0.660301
0.612301
0.5667
0.5235
0.482699
0.444299
0.408299
0.374698
0.343498
0.314697
0.288297
0.264297
0.242697
0.223496
0.206696
0.192296
0.180296
0.170696
0.163496
0.158696
0.156296
0.156296
0.158696
0.163496
0.170696
0.180296
0.192296
0.206696
0.223496
0.242697
0.264297
0.288297
0.314697
0.343498
0.374698
0.408299
0.444299
0.482699
0.5235
0.5667
0.612301
0.660301
0.710702
0.763502
0.818703
0.876304
0.936304
0.998705
1
1
1
1
1
1
1
1
1
1
1
1
1
1
1
1
1
1
1
1
1
1
1
1
1
1
1
1
1
1
1
1
1
1
1
1
1
1
1
1
1
1
1
1
1
1
0.950704
0.888304
0.828303
0.770702
0.715502
0.662701
0.612301
0.5643
0.5187
0.475499
0.434699
0.396298
0.360298
0.326698
0.295497
0.266697
0.240297
0.216296
0.194696
0.175496
0.158696
0.144296
0.132295
0.122695
0.115495
0.110695
0.108295
0.108295
0.110695
0.115495
0.122695
0.132295
0.144296
0.158696
0.175496
0.194696
0.216296
0.240297
0.266697
0.295497
0.326698
0.360298
0.396298
0.434699
0.475499
0.5187
0.5643
0.612301
0.662701
0.715502
0.770702
0.828303
0.888304
0.950704
1
1
1
1
1
1
1
1
1
1
1
1
1
1
1
1
1
1
1
1
1
1
1
1
1
1
1
1
1
1
1
1
1
1
1
1
1
1
1
1
1
1
1
1
1
0.969904
0.905104
0.842703
0.782703
0.725102
0.669901
0.617101
0.5667
0.5187
0.473099
0.429899
0.389098
0.350698
0.314698
0.281097
0.249897
0.221097
0.194696
0.170696
0.149096
0.129895
0.113095
0.0986951
0.086695
0.0770949
0.0698948
0.0650947
0.0626947
0.0626947
0.0650947
0.0698948
0.0770949
0.086695
0.0986951
0.113095
0.129895
0.149096
0.170696
0.194696
0.221097
0.249897
0.281097
0.314698
0.350698
0.389098
0.429899
0.473099
0.5187
0.5667
0.617101
0.669901
0.725102
0.782703
0.842703
0.905104
0.969904
1
1
1
1
1
1
1
1
1
1
1
1
1
1
1
1
1
1
1
1
1
1
1
1
1
1
1
1
1
1
1
1
1
1
1
1
1
1
1
1
1
1
1
0.993904
0.926704
0.861903
0.799503
0.739502
0.681901
0.626701
0.5739
0.5235
0.475499
0.429899
0.386698
0.345898
0.307497
0.271497
0.237897
0.206696
0.177896
0.151496
0.127496
0.105895
0.086695
0.0698949
0.0554947
0.0434946
0.0338945
0.0266944
0.0218943
0.0194943
0.0194943
0.0218943
0.0266944
0.0338945
0.0434946
0.0554947
0.0698949
0.086695
0.105895
0.127496
0.151496
0.177896
0.206696
0.237897
0.271497
0.307497
0.345898
0.386698
0.429899
0.475499
0.5235
0.5739
0.626701
0.681901
0.739502
0.799503
0.861903
0.926704
0.993904
1
1
1
1
1
1
1
1
1
1
1
1
1
1
1
1
1
1
1
1
1
1
1
1
1
1
1
1
1
1
1
1
1
1
1
1
1
1
1
1
1
1
0.953104
0.885903
0.821103
0.758702
0.698702
0.641101
0.5859
0.5331
0.482699
0.434699
0.389098
0.345898
0.305097
0.266697
0.230697
0.197096
0.165896
0.137096
0.110695
0.0866951
0.0650949
0.0458947
0.0290945
0.0146943
0.00269419
2.65297e-10
1.06282e-10
2.71028e-13
0
0
2.71036e-13
1.06282e-10
2.65297e-10
0.00269419
0.0146943
0.0290945
0.0458947
0.0650949
0.0866951
0.110695
0.137096
0.165896
0.197096
0.230697
0.266697
0.305097
0.345898
0.389098
0.434699
0.482699
0.5331
0.5859
0.641101
0.698702
0.758702
0.821103
0.885903
0.953104
1
1
1
1
1
1
1
1
1
1
1
1
1
1
1
1
1
1
1
1
1
1
1
1
1
1
1
1
1
1
1
1
1
1
1
1
1
1
1
1
1
0.984304
0.914703
0.847503
0.782702
0.720302
0.660301
0.602701
0.5475
0.494699
0.444299
0.396298
0.350698
0.307497
0.266697
0.228297
0.192296
0.158696
0.127496
0.0986953
0.072295
0.0482947
0.0266945
0.00749429
2.12292e-10
0
0
0
0
0
0
0
0
0
0
0
0
2.12292e-10
0.00749429
0.0266945
0.0482947
0.072295
0.0986953
0.127496
0.158696
0.192296
0.228297
0.266697
0.307497
0.350698
0.396298
0.444299
0.494699
0.5475
0.602701
0.660301
0.720302
0.782702
0.847503
0.914703
0.984304
1
1
1
1
1
1
1
1
1
1
1
1
1
1
1
1
1
1
1
1
1
1
1
1
1
1
1
1
1
1
1
1
1
1
1
1
1
1
1
1
0.948304
0.878703
0.811502
0.746702
0.684301
0.624301
0.5667
0.5115
0.458699
0.408299
0.360298
0.314698
0.271497
0.230697
0.192296
0.156296
0.122696
0.0914952
0.0626949
0.0362946
0.0122944
2.12292e-10
0
0
0
0
0
0
0
0
0
0
0
0
0
0
0
0
2.12292e-10
0.0122944
0.0362946
0.0626949
0.0914952
0.122696
0.156296
0.192296
0.230697
0.271497
0.314698
0.360298
0.408299
0.458699
0.5115
0.5667
0.624301
0.684301
0.746702
0.811502
0.878703
0.948304
1
1
1
1
1
1
1
1
1
1
1
1
1
1
1
1
1
1
1
1
1
1
1
1
1
1
1
1
1
1
1
1
1
1
1
1
1
1
1
0.986704
0.914703
0.845103
0.777902
0.713101
0.650701
0.5907
0.5331
0.477899
0.425099
0.374698
0.326698
0.281097
0.237897
0.197096
0.158696
0.122696
0.0890952
0.0578949
0.0290946
0.00269429
0
0
0
0
0
0
0
0
0
0
0
0
0
0
0
0
0
0
0
0
0.00269429
0.0290946
0.0578949
0.0890952
0.122696
0.158696
0.197096
0.237897
0.281097
0.326698
0.374698
0.425099
0.477899
0.5331
0.5907
0.650701
0.713101
0.777902
0.845103
0.914703
0.986704
1
1
1
1
1
1
1
1
1
1
1
1
1
1
1
1
1
1
1
1
1
1
1
1
1
1
1
1
1
1
1
1
1
1
1
1
1
1
0.955503
0.883503
0.813902
0.746702
0.681901
0.6195
0.5595
0.501899
0.446699
0.393898
0.343498
0.295497
0.249897
0.206696
0.165896
0.127496
0.0914952
0.0578949
0.0266945
3.71307e-10
0
0
0
0
0
0
0
0
0
0
0
0
0
0
0
0
0
0
0
0
0
0
3.71307e-10
0.0266945
0.0578949
0.0914952
0.127496
0.165896
0.206696
0.249897
0.295497
0.343498
0.393898
0.446699
0.501899
0.5595
0.6195
0.681901
0.746702
0.813902
0.883503
0.955503
1
1
1
1
1
1
1
1
1
1
1
1
1
1
1
1
1
1
1
1
1
1
1
1
1
1
1
1
1
1
1
1
1
1
1
1
1
1
0.926703
0.854702
0.785102
0.717901
0.653101
0.5907
0.5307
0.473099
0.417898
0.365098
0.314697
0.266697
0.221097
0.177896
0.137096
0.0986953
0.0626949
0.0290946
3.71307e-10
0
0
0
0
0
0
0
0
0
0
0
0
0
0
0
0
0
0
0
0
0
0
0
0
3.71307e-10
0.0290946
0.0626949
0.0986953
0.137096
0.177896
0.221097
0.266697
0.314697
0.365098
0.417898
0.473099
0.5307
0.5907
0.653101
0.717901
0.785102
0.854702
0.926703
1
1
1
1
1
1
1
1
1
1
1
1
1
1
1
1
1
1
1
1
1
1
1
1
1
1
1
1
1
1
1
1
1
1
1
1
1
0.974703
0.900303
0.828302
0.758702
0.691501
0.6267
0.5643
0.504299
0.446699
0.391498
0.338698
0.288297
0.240297
0.194696
0.151496
0.110695
0.072295
0.0362946
0.00269429
0
0
0
0
0
0
0
0
0
0
0
0
0
0
0
0
0
0
0
0
0
0
0
0
0
0
0.00269429
0.0362946
0.072295
0.110695
0.151496
0.194696
0.240297
0.288297
0.338698
0.391498
0.446699
0.504299
0.5643
0.6267
0.691501
0.758702
0.828302
0.900303
0.974703
1
1
1
1
1
1
1
1
1
1
1
1
1
1
1
1
1
1
1
1
1
1
1
1
1
1
1
1
1
1
1
1
1
1
1
1
0.950703
0.876302
0.804302
0.734701
0.667501
0.6027
0.5403
0.480299
0.422698
0.367498
0.314697
0.264297
0.216296
0.170696
0.127496
0.0866951
0.0482947
0.0122944
0
0
0
0
0
0
0
0
0
0
0
0
0
0
0
0
0
0
0
0
0
0
0
0
0
0
0
0
0.0122944
0.0482947
0.0866951
0.127496
0.170696
0.216296
0.264297
0.314697
0.367498
0.422698
0.480299
0.5403
0.6027
0.667501
0.734701
0.804302
0.876302
0.950703
1
1
1
1
1
1
1
1
1
1
1
1
1
1
1
1
1
1
1
1
1
1
1
1
1
1
1
1
1
1
1
1
1
1
1
1
0.929103
0.854702
0.782702
0.713101
0.6459
0.5811
0.518699
0.458699
0.401098
0.345898
0.293097
0.242697
0.194696
0.149096
0.105895
0.0650949
0.0266945
2.12292e-10
0
0
0
0
0
0
0
0
0
0
0
0
0
0
0
0
0
0
0
0
0
0
0
0
0
0
0
0
2.12292e-10
0.0266945
0.0650949
0.105895
0.149096
0.194696
0.242697
0.293097
0.345898
0.401098
0.458699
0.518699
0.5811
0.6459
0.713101
0.782702
0.854702
0.929103
1
1
1
1
1
1
1
1
1
1
1
1
1
1
1
1
1
1
1
1
1
1
1
1
1
1
1
1
1
1
1
1
1
1
1
0.986703
0.909903
0.835502
0.763501
0.693901
0.6267
0.5619
0.499499
0.439498
0.381898
0.326697
0.273897
0.223496
0.175496
0.129895
0.086695
0.0458947
0.00749429
0
0
0
0
0
0
0
0
0
0
0
0
0
0
0
0
0
0
0
0
0
0
0
0
0
0
0
0
0
0
0.00749429
0.0458947
0.0866951
0.129895
0.175496
0.223496
0.273897
0.326697
0.381898
0.439498
0.499499
0.5619
0.6267
0.693901
0.763501
0.835502
0.909903
0.986703
1
1
1
1
1
1
1
1
1
1
1
1
1
1
1
1
1
1
1
1
1
1
1
1
1
1
1
1
1
1
1
1
1
1
0.969903
0.893102
0.818702
0.746701
0.677101
0.6099
0.545099
0.482699
0.422698
0.365098
0.309897
0.257097
0.206696
0.158696
0.113095
0.0698949
0.0290945
2.12292e-10
0
0
0
0
0
0
0
0
0
0
0
0
0
0
0
0
0
0
0
0
0
0
0
0
0
0
0
0
0
0
2.12292e-10
0.0290945
0.0698949
0.113095
0.158696
0.206696
0.257097
0.309897
0.365098
0.422698
0.482699
0.545099
0.6099
0.677101
0.746701
0.818702
0.893102
0.969903
1
1
1
1
1
1
1
1
1
1
1
1
1
1
1
1
1
1
1
1
1
1
1
1
1
1
1
1
1
1
1
1
1
1
0.955503
0.878702
0.804302
0.732301
0.6627
0.5955
0.530699
0.468299
0.408298
0.350698
0.295497
0.242696
0.192296
0.144296
0.0986951
0.0554947
0.0146943
0
0
0
0
0
0
0
0
0
0
0
0
0
0
0
0
0
0
0
0
0
0
0
0
0
0
0
0
0
0
0
0
0.0146943
0.0554947
0.0986951
0.144296
0.192296
0.242696
0.295497
0.350698
0.408298
0.468299
0.530699
0.5955
0.6627
0.732301
0.804302
0.878702
0.955503
1
1
1
1
1
1
1
1
1
1
1
1
1
1
1
1
1
1
1
1
1
1
1
1
1
1
1
1
1
1
1
1
1
1
0.943503
0.866702
0.792301
0.720301
0.6507
0.5835
0.518699
0.456298
0.396298
0.338697
0.283497
0.230696
0.180296
0.132295
0.086695
0.0434946
0.00269419
0
0
0
0
0
0
0
0
0
0
0
0
0
0
0
0
0
0
0
0
0
0
0
0
0
0
0
0
0
0
0
0
0.00269419
0.0434946
0.086695
0.132295
0.180296
0.230696
0.283497
0.338697
0.396298
0.456298
0.518699
0.5835
0.6507
0.720301
0.792301
0.866702
0.943503
1
1
1
1
1
1
1
1
1
1
1
1
1
1
1
1
1
1
1
1
1
1
1
1
1
1
1
1
1
1
1
1
1
1
0.933902
0.857102
0.782701
0.710701
0.6411
0.573899
0.509099
0.446698
0.386698
0.329097
0.273897
0.221096
0.170696
0.122695
0.0770949
0.0338945
2.65297e-10
0
0
0
0
0
0
0
0
0
0
0
0
0
0
0
0
0
0
0
0
0
0
0
0
0
0
0
0
0
0
0
0
2.65297e-10
0.0338945
0.0770949
0.122695
0.170696
0.221096
0.273897
0.329097
0.386698
0.446698
0.509099
0.573899
0.6411
0.710701
0.782701
0.857102
0.933902
1
1
1
1
1
1
1
1
1
1
1
1
1
1
1
1
1
1
1
1
1
1
1
1
1
1
1
1
1
1
1
1
1
1
0.926702
0.849902
0.775501
0.703501
0.6339
0.566699
0.501899
0.439498
0.379498
0.321897
0.266697
0.213896
0.163496
0.115495
0.0698948
0.0266944
1.06282e-10
0
0
0
0
0
0
0
0
0
0
0
0
0
0
0
0
0
0
0
0
0
0
0
0
0
0
0
0
0
0
0
0
1.06281e-10
0.0266944
0.0698948
0.115495
0.163496
0.213896
0.266697
0.321897
0.379498
0.439498
0.501899
0.566699
0.6339
0.703501
0.775501
0.849902
0.926702
1
1
1
1
1
1
1
1
1
1
1
1
1
1
1
1
1
1
1
1
1
1
1
1
1
1
1
1
1
1
1
1
1
1
0.921902
0.845102
0.770701
0.698701
0.6291
0.561899
0.497099
0.434698
0.374698
0.317097
0.261897
0.209096
0.158696
0.110695
0.0650947
0.0218943
2.71028e-13
0
0
0
0
0
0
0
0
0
0
0
0
0
0
0
0
0
0
0
0
0
0
0
0
0
0
0
0
0
0
0
0
2.70918e-13
0.0218943
0.0650947
0.110695
0.158696
0.209096
0.261897
0.317097
0.374698
0.434698
0.497099
0.561899
0.6291
0.698701
0.770701
0.845102
0.921902
1
1
1
1
1
1
1
1
1
1
1
1
1
1
1
1
1
1
1
1
1
1
1
1
1
1
1
1
1
1
1
1
1
0.998703
0.919502
0.842702
0.768301
0.6963
0.6267
0.559499
0.494699
0.432298
0.372298
0.314697
0.259497
0.206696
0.156296
0.108295
0.0626947
0.0194943
0
0
0
0
0
0
0
0
0
0
0
0
0
0
0
0
0
0
0
0
0
0
0
0
0
0
0
0
0
0
0
0
0
0
0.0194943
0.0626947
0.108295
0.156296
0.206696
0.259497
0.314697
0.372298
0.432298
0.494699
0.559499
0.6267
0.6963
0.768301
0.842702
0.919502
0.998703
1
1
1
1
1
1
1
1
1
1
1
1
1
1
1
1
1
1
1
1
1
1
1
1
1
1
1
1
1
1
1
1
0.998703
0.919502
0.842702
0.768301
0.6963
0.6267
0.559499
0.494699
0.432298
0.372298
0.314697
0.259497
0.206696
0.156296
0.108295
0.0626947
0.0194943
0
0
0
0
0
0
0
0
0
0
0
0
0
0
0
0
0
0
0
0
0
0
0
0
0
0
0
0
0
0
0
0
0
0
0.0194943
0.0626947
0.108295
0.156296
0.206696
0.259497
0.314697
0.372298
0.432298
0.494699
0.559499
0.6267
0.6963
0.768301
0.842702
0.919502
0.998703
1
1
1
1
1
1
1
1
1
1
1
1
1
1
1
1
1
1
1
1
1
1
1
1
1
1
1
1
1
1
1
1
1
0.921902
0.845102
0.770701
0.698701
0.6291
0.561899
0.497099
0.434698
0.374698
0.317097
0.261897
0.209096
0.158696
0.110695
0.0650947
0.0218943
2.71036e-13
0
0
0
0
0
0
0
0
0
0
0
0
0
0
0
0
0
0
0
0
0
0
0
0
0
0
0
0
0
0
0
0
2.70916e-13
0.0218943
0.0650947
0.110695
0.158696
0.209096
0.261897
0.317097
0.374698
0.434698
0.497099
0.561899
0.6291
0.698701
0.770701
0.845102
0.921902
1
1
1
1
1
1
1
1
1
1
1
1
1
1
1
1
1
1
1
1
1
1
1
1
1
1
1
1
1
1
1
1
1
1
0.926702
0.849902
0.775501
0.703501
0.6339
0.566699
0.501899
0.439498
0.379498
0.321897
0.266697
0.213896
0.163496
0.115495
0.0698948
0.0266944
1.06282e-10
0
0
0
0
0
0
0
0
0
0
0
0
0
0
0
0
0
0
0
0
0
0
0
0
0
0
0
0
0
0
0
0
1.06281e-10
0.0266944
0.0698948
0.115495
0.163496
0.213896
0.266697
0.321897
0.379498
0.439498
0.501899
0.566699
0.6339
0.703501
0.775501
0.849902
0.926702
1
1
1
1
1
1
1
1
1
1
1
1
1
1
1
1
1
1
1
1
1
1
1
1
1
1
1
1
1
1
1
1
1
1
0.933902
0.857102
0.782701
0.710701
0.6411
0.573899
0.509099
0.446698
0.386698
0.329097
0.273897
0.221096
0.170696
0.122695
0.0770949
0.0338945
2.65297e-10
0
0
0
0
0
0
0
0
0
0
0
0
0
0
0
0
0
0
0
0
0
0
0
0
0
0
0
0
0
0
0
0
2.65297e-10
0.0338945
0.0770949
0.122695
0.170696
0.221096
0.273897
0.329097
0.386698
0.446698
0.509099
0.573899
0.6411
0.710701
0.782701
0.857102
0.933902
1
1
1
1
1
1
1
1
1
1
1
1
1
1
1
1
1
1
1
1
1
1
1
1
1
1
1
1
1
1
1
1
1
1
0.943503
0.866702
0.792301
0.720301
0.6507
0.5835
0.518699
0.456298
0.396298
0.338697
0.283497
0.230696
0.180296
0.132295
0.086695
0.0434946
0.00269419
0
0
0
0
0
0
0
0
0
0
0
0
0
0
0
0
0
0
0
0
0
0
0
0
0
0
0
0
0
0
0
0
0.00269419
0.0434946
0.086695
0.132295
0.180296
0.230696
0.283497
0.338697
0.396298
0.456298
0.518699
0.5835
0.6507
0.720301
0.792301
0.866702
0.943503
1
1
1
1
1
1
1
1
1
1
1
1
1
1
1
1
1
1
1
1
1
1
1
1
1
1
1
1
1
1
1
1
1
1
0.955503
0.878702
0.804302
0.732301
0.6627
0.5955
0.530699
0.468299
0.408298
0.350698
0.295497
0.242696
0.192296
0.144296
0.0986951
0.0554947
0.0146943
0
0
0
0
0
0
0
0
0
0
0
0
0
0
0
0
0
0
0
0
0
0
0
0
0
0
0
0
0
0
0
0
0.0146943
0.0554947
0.0986951
0.144296
0.192296
0.242696
0.295497
0.350698
0.408298
0.468299
0.530699
0.5955
0.6627
0.732301
0.804302
0.878702
0.955503
1
1
1
1
1
1
1
1
1
1
1
1
1
1
1
1
1
1
1
1
1
1
1
1
1
1
1
1
1
1
1
1
1
1
0.969903
0.893102
0.818702
0.746701
0.677101
0.6099
0.545099
0.482699
0.422698
0.365098
0.309897
0.257097
0.206696
0.158696
0.113095
0.0698949
0.0290945
2.12292e-10
0
0
0
0
0
0
0
0
0
0
0
0
0
0
0
0
0
0
0
0
0
0
0
0
0
0
0
0
0
0
2.12292e-10
0.0290945
0.0698949
0.113095
0.158696
0.206696
0.257097
0.309897
0.365098
0.422698
0.482699
0.545099
0.6099
0.677101
0.746701
0.818702
0.893102
0.969903
1
1
1
1
1
1
1
1
1
1
1
1
1
1
1
1
1
1
1
1
1
1
1
1
1
1
1
1
1
1
1
1
1
1
0.986703
0.909903
0.835502
0.763501
0.693901
0.6267
0.5619
0.499499
0.439498
0.381898
0.326697
0.273897
0.223496
0.175496
0.129895
0.086695
0.0458947
0.00749429
0
0
0
0
0
0
0
0
0
0
0
0
0
0
0
0
0
0
0
0
0
0
0
0
0
0
0
0
0
0
0.00749429
0.0458947
0.086695
0.129895
0.175496
0.223496
0.273897
0.326697
0.381898
0.439498
0.499499
0.5619
0.6267
0.693901
0.763501
0.835502
0.909903
0.986703
1
1
1
1
1
1
1
1
1
1
1
1
1
1
1
1
1
1
1
1
1
1
1
1
1
1
1
1
1
1
1
1
1
1
1
0.929103
0.854702
0.782702
0.713101
0.6459
0.5811
0.518699
0.458699
0.401098
0.345898
0.293097
0.242697
0.194696
0.149096
0.105895
0.0650949
0.0266945
2.12292e-10
0
0
0
0
0
0
0
0
0
0
0
0
0
0
0
0
0
0
0
0
0
0
0
0
0
0
0
0
2.12292e-10
0.0266945
0.0650949
0.105895
0.149096
0.194696
0.242697
0.293097
0.345898
0.401098
0.458699
0.518699
0.5811
0.6459
0.713101
0.782702
0.854702
0.929103
1
1
1
1
1
1
1
1
1
1
1
1
1
1
1
1
1
1
1
1
1
1
1
1
1
1
1
1
1
1
1
1
1
1
1
1
0.950703
0.876302
0.804302
0.734701
0.667501
0.6027
0.5403
0.480299
0.422698
0.367498
0.314697
0.264297
0.216296
0.170696
0.127496
0.0866951
0.0482947
0.0122944
0
0
0
0
0
0
0
0
0
0
0
0
0
0
0
0
0
0
0
0
0
0
0
0
0
0
0
0
0.0122944
0.0482947
0.0866951
0.127495
0.170696
0.216296
0.264297
0.314697
0.367498
0.422698
0.480299
0.5403
0.6027
0.667501
0.734701
0.804302
0.876302
0.950703
1
1
1
1
1
1
1
1
1
1
1
1
1
1
1
1
1
1
1
1
1
1
1
1
1
1
1
1
1
1
1
1
1
1
1
1
0.974703
0.900303
0.828302
0.758702
0.691501
0.6267
0.5643
0.504299
0.446699
0.391498
0.338698
0.288297
0.240297
0.194696
0.151496
0.110695
0.072295
0.0362946
0.00269429
0
0
0
0
0
0
0
0
0
0
0
0
0
0
0
0
0
0
0
0
0
0
0
0
0
0
0.00269429
0.0362946
0.072295
0.110695
0.151496
0.194696
0.240297
0.288297
0.338698
0.391498
0.446699
0.504299
0.5643
0.6267
0.691501
0.758702
0.828302
0.900303
0.974703
1
1
1
1
1
1
1
1
1
1
1
1
1
1
1
1
1
1
1
1
1
1
1
1
1
1
1
1
1
1
1
1
1
1
1
1
1
0.926703
0.854702
0.785102
0.717901
0.653101
0.5907
0.5307
0.473099
0.417898
0.365098
0.314697
0.266697
0.221097
0.177896
0.137096
0.0986953
0.0626949
0.0290946
3.71307e-10
0
0
0
0
0
0
0
0
0
0
0
0
0
0
0
0
0
0
0
0
0
0
0
0
3.71307e-10
0.0290946
0.0626949
0.0986953
0.137096
0.177896
0.221096
0.266697
0.314697
0.365098
0.417898
0.473099
0.5307
0.5907
0.653101
0.717901
0.785102
0.854702
0.926703
1
1
1
1
1
1
1
1
1
1
1
1
1
1
1
1
1
1
1
1
1
1
1
1
1
1
1
1
1
1
1
1
1
1
1
1
1
1
0.955503
0.883503
0.813902
0.746702
0.681901
0.6195
0.5595
0.501899
0.446699
0.393898
0.343498
0.295497
0.249897
0.206696
0.165896
0.127496
0.0914952
0.0578949
0.0266945
3.71307e-10
0
0
0
0
0
0
0
0
0
0
0
0
0
0
0
0
0
0
0
0
0
0
3.71307e-10
0.0266945
0.0578949
0.0914952
0.127496
0.165896
0.206696
0.249897
0.295497
0.343498
0.393898
0.446699
0.501899
0.5595
0.6195
0.681901
0.746702
0.813902
0.883503
0.955503
1
1
1
1
1
1
1
1
1
1
1
1
1
1
1
1
1
1
1
1
1
1
1
1
1
1
1
1
1
1
1
1
1
1
1
1
1
1
0.986704
0.914703
0.845103
0.777902
0.713101
0.650701
0.5907
0.5331
0.477899
0.425099
0.374698
0.326698
0.281097
0.237897
0.197096
0.158696
0.122696
0.0890952
0.0578949
0.0290946
0.00269429
0
0
0
0
0
0
0
0
0
0
0
0
0
0
0
0
0
0
0
0
0.00269429
0.0290946
0.0578949
0.0890952
0.122696
0.158696
0.197096
0.237897
0.281097
0.326698
0.374698
0.425099
0.477899
0.5331
0.5907
0.650701
0.713101
0.777902
0.845103
0.914703
0.986704
1
1
1
1
1
1
1
1
1
1
1
1
1
1
1
1
1
1
1
1
1
1
1
1
1
1
1
1
1
1
1
1
1
1
1
1
1
1
1
0.948304
0.878703
0.811502
0.746702
0.684301
0.624301
0.5667
0.5115
0.458699
0.408299
0.360298
0.314698
0.271497
0.230697
0.192296
0.156296
0.122696
0.0914952
0.0626949
0.0362946
0.0122944
2.12292e-10
0
0
0
0
0
0
0
0
0
0
0
0
0
0
0
0
2.12292e-10
0.0122944
0.0362946
0.0626949
0.0914952
0.122696
0.156296
0.192296
0.230697
0.271497
0.314698
0.360298
0.408299
0.458699
0.5115
0.5667
0.624301
0.684301
0.746702
0.811502
0.878703
0.948304
1
1
1
1
1
1
1
1
1
1
1
1
1
1
1
1
1
1
1
1
1
1
1
1
1
1
1
1
1
1
1
1
1
1
1
1
1
1
1
1
0.984304
0.914703
0.847503
0.782702
0.720302
0.660301
0.602701
0.5475
0.494699
0.444299
0.396298
0.350698
0.307497
0.266697
0.228297
0.192296
0.158696
0.127496
0.0986953
0.072295
0.0482947
0.0266945
0.00749429
2.12292e-10
0
0
0
0
0
0
0
0
0
0
0
0
2.12292e-10
0.00749429
0.0266945
0.0482947
0.072295
0.0986953
0.127496
0.158696
0.192296
0.228297
0.266697
0.307497
0.350698
0.396298
0.444299
0.494699
0.5475
0.602701
0.660301
0.720302
0.782702
0.847503
0.914703
0.984304
1
1
1
1
1
1
1
1
1
1
1
1
1
1
1
1
1
1
1
1
1
1
1
1
1
1
1
1
1
1
1
1
1
1
1
1
1
1
1
1
1
0.953104
0.885903
0.821103
0.758702
0.698702
0.641101
0.5859
0.5331
0.482699
0.434699
0.389098
0.345898
0.305097
0.266697
0.230697
0.197096
0.165896
0.137096
0.110695
0.0866951
0.0650949
0.0458947
0.0290945
0.0146943
0.00269419
2.65297e-10
1.06281e-10
2.70918e-13
0
0
2.70916e-13
1.06281e-10
2.65297e-10
0.00269419
0.0146943
0.0290945
0.0458947
0.0650949
0.0866951
0.110695
0.137096
0.165896
0.197096
0.230697
0.266697
0.305097
0.345898
0.389098
0.434699
0.482699
0.5331
0.5859
0.641101
0.698702
0.758702
0.821103
0.885903
0.953104
1
1
1
1
1
1
1
1
1
1
1
1
1
1
1
1
1
1
1
1
1
1
1
1
1
1
1
1
1
1
1
1
1
1
1
1
1
1
1
1
1
1
0.993904
0.926704
0.861903
0.799503
0.739502
0.681901
0.626701
0.5739
0.5235
0.475499
0.429899
0.386698
0.345898
0.307497
0.271497
0.237897
0.206696
0.177896
0.151496
0.127496
0.105895
0.0866951
0.0698949
0.0554947
0.0434946
0.0338945
0.0266944
0.0218943
0.0194943
0.0194943
0.0218943
0.0266944
0.0338945
0.0434946
0.0554947
0.0698949
0.086695
0.105895
0.127495
0.151496
0.177896
0.206696
0.237897
0.271497
0.307497
0.345898
0.386698
0.429899
0.475499
0.5235
0.5739
0.626701
0.681901
0.739502
0.799503
0.861903
0.926704
0.993904
1
1
1
1
1
1
1
1
1
1
1
1
1
1
1
1
1
1
1
1
1
1
1
1
1
1
1
1
1
1
1
1
1
1
1
1
1
1
1
1
1
1
1
0.969904
0.905104
0.842703
0.782703
0.725102
0.669901
0.617101
0.5667
0.5187
0.473099
0.429899
0.389098
0.350698
0.314698
0.281097
0.249897
0.221097
0.194696
0.170696
0.149096
0.129895
0.113095
0.0986951
0.086695
0.0770949
0.0698948
0.0650947
0.0626947
0.0626947
0.0650947
0.0698948
0.0770949
0.086695
0.0986951
0.113095
0.129895
0.149096
0.170696
0.194696
0.221096
0.249897
0.281097
0.314698
0.350698
0.389098
0.429899
0.473099
0.5187
0.5667
0.617101
0.669901
0.725102
0.782703
0.842703
0.905104
0.969904
1
1
1
1
1
1
1
1
1
1
1
1
1
1
1
1
1
1
1
1
1
1
1
1
1
1
1
1
1
1
1
1
1
1
1
1
1
1
1
1
1
1
1
1
1
0.950704
0.888304
0.828303
0.770702
0.715502
0.662701
0.612301
0.5643
0.5187
0.475499
0.434699
0.396298
0.360298
0.326698
0.295497
0.266697
0.240297
0.216296
0.194696
0.175496
0.158696
0.144296
0.132295
0.122695
0.115495
0.110695
0.108295
0.108295
0.110695
0.115495
0.122695
0.132295
0.144296
0.158696
0.175496
0.194696
0.216296
0.240297
0.266697
0.295497
0.326698
0.360298
0.396298
0.434699
0.475499
0.5187
0.5643
0.612301
0.662701
0.715502
0.770702
0.828303
0.888304
0.950704
1
1
1
1
1
1
1
1
1
1
1
1
1
1
1
1
1
1
1
1
1
1
1
1
1
1
1
1
1
1
1
1
1
1
1
1
1
1
1
1
1
1
1
1
1
1
0.998705
0.936304
0.876304
0.818703
0.763502
0.710702
0.660301
0.612301
0.5667
0.5235
0.482699
0.444299
0.408299
0.374698
0.343498
0.314697
0.288297
0.264297
0.242697
0.223496
0.206696
0.192296
0.180296
0.170696
0.163496
0.158696
0.156296
0.156296
0.158696
0.163496
0.170696
0.180296
0.192296
0.206696
0.223496
0.242697
0.264297
0.288297
0.314697
0.343498
0.374698
0.408299
0.444299
0.482699
0.5235
0.5667
0.612301
0.660301
0.710702
0.763502
0.818703
0.876304
0.936304
0.998705
1
1
1
1
1
1
1
1
1
1
1
1
1
1
1
1
1
1
1
1
1
1
1
1
1
1
1
1
1
1
1
1
1
1
1
1
1
1
1
1
1
1
1
1
1
1
1
0.986705
0.926704
0.869103
0.813903
0.761102
0.710702
0.662701
0.617101
0.5739
0.5331
0.494699
0.458699
0.425099
0.393898
0.365098
0.338698
0.314697
0.293097
0.273897
0.257097
0.242696
0.230696
0.221096
0.213896
0.209096
0.206696
0.206696
0.209096
0.213896
0.221096
0.230696
0.242696
0.257097
0.273897
0.293097
0.314697
0.338698
0.365098
0.393898
0.425099
0.458699
0.494699
0.5331
0.5739
0.617101
0.662701
0.710702
0.761102
0.813903
0.869103
0.926704
0.986705
1
1
1
1
1
1
1
1
1
1
1
1
1
1
1
1
1
1
1
1
1
1
1
1
1
1
1
1
1
1
1
1
1
1
1
1
1
1
1
1
1
1
1
1
1
1
1
1
1
0.979505
0.921904
0.866703
0.813903
0.763502
0.715502
0.669901
0.626701
0.5859
0.5475
0.5115
0.477899
0.446699
0.417898
0.391498
0.367498
0.345898
0.326697
0.309897
0.295497
0.283497
0.273897
0.266697
0.261897
0.259497
0.259497
0.261897
0.266697
0.273897
0.283497
0.295497
0.309897
0.326697
0.345898
0.367498
0.391498
0.417898
0.446699
0.477899
0.5115
0.5475
0.5859
0.626701
0.669901
0.715502
0.763502
0.813903
0.866703
0.921904
0.979505
1
1
1
1
1
1
1
1
1
1
1
1
1
1
1
1
1
1
1
1
1
1
1
1
1
1
1
1
1
1
1
1
1
1
1
1
1
1
1
1
1
1
1
1
1
1
1
1
1
1
1
0.977105
0.921904
0.869103
0.818703
0.770702
0.725102
0.681901
0.641101
0.602701
0.5667
0.5331
0.501899
0.473099
0.446699
0.422698
0.401098
0.381898
0.365098
0.350698
0.338697
0.329097
0.321897
0.317097
0.314697
0.314697
0.317097
0.321897
0.329097
0.338697
0.350698
0.365098
0.381898
0.401098
0.422698
0.446699
0.473099
0.501899
0.5331
0.5667
0.602701
0.641101
0.681901
0.725102
0.770702
0.818703
0.869103
0.921904
0.977105
1
1
1
1
1
1
1
1
1
1
1
1
1
1
1
1
1
1
1
1
1
1
1
1
1
1
1
1
1
1
1
1
1
1
1
1
1
1
1
1
1
1
1
1
1
1
1
1
1
1
1
1
1
0.979505
0.926704
0.876304
0.828303
0.782703
0.739502
0.698702
0.660301
0.624301
0.5907
0.5595
0.5307
0.504299
0.480299
0.458699
0.439498
0.422698
0.408298
0.396298
0.386698
0.379498
0.374698
0.372298
0.372298
0.374698
0.379498
0.386698
0.396298
0.408298
0.422698
0.439498
0.458699
0.480299
0.504299
0.5307
0.5595
0.5907
0.624301
0.660301
0.698702
0.739502
0.782703
0.828303
0.876304
0.926704
0.979505
1
1
1
1
1
1
1
1
1
1
1
1
1
1
1
1
1
1
1
1
1
1
1
1
1
1
1
1
1
1
1
1
1
1
1
1
1
1
1
1
1
1
1
1
1
1
1
1
1
1
1
1
1
1
1
0.986705
0.936304
0.888304
0.842703
0.799503
0.758702
0.720302
0.684301
0.650701
0.6195
0.5907
0.5643
0.5403
0.518699
0.499499
0.482699
0.468299
0.456298
0.446698
0.439498
0.434698
0.432298
0.432298
0.434698
0.439498
0.446698
0.456298
0.468299
0.482699
0.499499
0.518699
0.5403
0.5643
0.5907
0.6195
0.650701
0.684301
0.720302
0.758702
0.799503
0.842703
0.888304
0.936304
0.986705
1
1
1
1
1
1
1
1
1
1
1
1
1
1
1
1
1
1
1
1
1
1
1
1
1
1
1
1
1
1
1
1
1
1
1
1
1
1
1
1
1
1
1
1
1
1
1
1
1
1
1
1
1
1
1
1
1
0.998705
0.950704
0.905104
0.861903
0.821103
0.782702
0.746702
0.713101
0.681901
0.653101
0.6267
0.6027
0.5811
0.5619
0.545099
0.530699
0.518699
0.509099
0.501899
0.497099
0.494699
0.494699
0.497099
0.501899
0.509099
0.518699
0.530699
0.545099
0.5619
0.5811
0.6027
0.6267
0.653101
0.681901
0.713101
0.746702
0.782702
0.821103
0.861903
0.905104
0.950704
0.998705
1
1
1
1
1
1
1
1
1
1
1
1
1
1
1
1
1
1
1
1
1
1
1
1
1
1
1
1
1
1
1
1
1
1
1
1
1
1
1
1
1
1
1
1
1
1
1
1
1
1
1
1
1
1
1
1
1
1
1
1
0.969904
0.926704
0.885903
0.847503
0.811502
0.777902
0.746702
0.717901
0.691501
0.667501
0.6459
0.6267
0.6099
0.5955
0.5835
0.573899
0.566699
0.561899
0.559499
0.559499
0.561899
0.566699
0.573899
0.5835
0.5955
0.6099
0.6267
0.6459
0.667501
0.691501
0.717901
0.746702
0.777902
0.811502
0.847503
0.885903
0.926704
0.969904
1
1
1
1
1
1
1
1
1
1
1
1
1
1
1
1
1
1
1
1
1
1
1
1
1
1
1
1
1
1
1
1
1
1
1
1
1
1
1
1
1
1
1
1
1
1
1
1
1
1
1
1
1
1
1
1
1
1
1
1
1
1
1
0.993904
0.953104
0.914703
0.878703
0.845103
0.813902
0.785102
0.758702
0.734701
0.713101
0.693901
0.677101
0.6627
0.6507
0.6411
0.6339
0.6291
0.6267
0.6267
0.6291
0.6339
0.6411
0.6507
0.6627
0.677101
0.693901
0.713101
0.734701
0.758702
0.785102
0.813902
0.845103
0.878703
0.914703
0.953104
0.993904
1
1
1
1
1
1
1
1
1
1
1
1
1
1
1
1
1
1
1
1
1
1
1
1
1
1
1
1
1
1
1
1
1
1
1
1
1
1
1
1
1
1
1
1
1
1
1
1
1
1
1
1
1
1
1
1
1
1
1
1
1
1
1
1
1
1
0.984304
0.948304
0.914703
0.883503
0.854702
0.828302
0.804302
0.782702
0.763501
0.746701
0.732301
0.720301
0.710701
0.703501
0.698701
0.6963
0.6963
0.698701
0.703501
0.710701
0.720301
0.732301
0.746701
0.763501
0.782702
0.804302
0.828302
0.854702
0.883503
0.914703
0.948304
0.984304
1
1
1
1
1
1
1
1
1
1
1
1
1
1
1
1
1
1
1
1
1
1
1
1
1
1
1
1
1
1
1
1
1
1
1
1
1
1
1
1
1
1
1
1
1
1
1
1
1
1
1
1
1
1
1
1
1
1
1
1
1
1
1
1
1
1
1
1
1
1
0.986704
0.955503
0.926703
0.900303
0.876302
0.854702
0.835502
0.818702
0.804302
0.792301
0.782701
0.775501
0.770701
0.768301
0.768301
0.770701
0.775501
0.782701
0.792301
0.804302
0.818702
0.835502
0.854702
0.876302
0.900303
0.926703
0.955503
0.986704
1
1
1
1
1
1
1
1
1
1
1
1
1
1
1
1
1
1
1
1
1
1
1
1
1
1
1
1
1
1
1
1
1
1
1
1
1
1
1
1
1
1
1
1
1
1
1
1
1
1
1
1
1
1
1
1
1
1
1
1
1
1
1
1
1
1
1
1
1
1
1
1
1
1
1
0.974703
0.950703
0.929103
0.909903
0.893102
0.878702
0.866702
0.857102
0.849902
0.845102
0.842702
0.842702
0.845102
0.849902
0.857102
0.866702
0.878702
0.893102
0.909903
0.929103
0.950703
0.974703
1
1
1
1
1
1
1
1
1
1
1
1
1
1
1
1
1
1
1
1
1
1
1
1
1
1
1
1
1
1
1
1
1
1
1
1
1
1
1
1
1
1
1
1
1
1
1
1
1
1
1
1
1
1
1
1
1
1
1
1
1
1
1
1
1
1
1
1
1
1
1
1
1
1
1
1
1
1
1
1
1
0.986703
0.969903
0.955503
0.943503
0.933902
0.926702
0.921902
0.919502
0.919502
0.921902
0.926702
0.933902
0.943503
0.955503
0.969903
0.986703
1
1
1
1
1
1
1
1
1
1
1
1
1
1
1
1
1
1
1
1
1
1
1
1
1
1
1
1
1
1
1
1
1
1
1
1
1
1
1
1
1
1
1
1
1
1
1
1
1
1
1
1
1
1
1
1
1
1
1
1
1
1
1
1
1
1
1
1
1
1
1
1
1
1
1
1
1
1
1
1
1
1
1
1
1
1
1
1
1
1
1
0.998703
0.998703
1
1
1
1
1
1
1
1
1
1
1
1
1
1
1
1
1
1
1
1
1
1
1
1
1
1
1
1
1
1
1
1
1
1
1
1
1
1
1
1
1
1
1
1
1
1
1
1
1
1
1
1
1
1
1
1
1
1
1
1
1
1
1
1
1
1
1
1
1
1
1
1
1
1
1
1
1
1
1
1
1
1
1
1
1
1
1
1
1
1
1
1
1
1
1
1
1
1
1
1
1
1
1
1
1
1
1
1
1
1
1
1
1
1
1
1
1
1
1
1
1
1
1
1
1
1
1
1
1
1
1
1
1
1
1
1
1
1
1
1
1
1
1
1
1
1
1
1
1
1
1
1
1
1
1
1
1
1
1
1
1
1
1
1
1
1
1
1
1
1
1
1
1
1
1
1
1
1
1
1
1
1
1
1
1
1
1
1
1
1
1
1
1
1
1
1
1
1
1
1
1
1
1
1
1
1
1
1
1
1
1
1
1
1
1
1
1
1
1
1
1
1
1
1
1
1
1
1
1
1
1
1
1
1
1
1
1
1
1
1
1
1
1
1
1
1
1
1
1
1
1
1
1
1
1
1
1
1
1
1
1
1
1
1
1
1
1
1
1
1
1
1
1
1
1
1
1
1
1
1
1
1
1
1
1
1
1
1
1
1
1
1
1
1
1
1
1
1
1
1
1
1
1
1
1
1
1
1
1
1
1
1
1
1
1
1
1
1
1
1
1
1
1
1
1
1
1
1
1
1
1
1
1
1
1
1
1
1
1
1
1
1
1
1
1
1
1
1
1
1
1
1
1
1
1
1
1
1
1
1
1
1
1
1
1
1
1
1
1
1
1
1
1
1
1
1
1
1
1
1
1
1
1
1
1
1
1
1
1
1
1
1
1
1
1
1
1
1
1
1
1
1
1
1
1
1
1
1
1
1
1
1
1
1
1
1
1
1
1
1
1
1
1
1
1
1
1
1
1
1
1
1
1
1
1
1
1
1
1
1
1
1
1
1
1
1
1
1
1
1
1
1
1
1
1
1
1
1
1
1
1
1
1
1
1
1
1
1
1
1
1
1
1
1
1
1
1
1
1
1
1
1
1
1
1
1
1
1
1
1
1
1
1
1
1
1
1
1
1
1
1
1
1
1
1
1
1
1
1
1
1
1
1
1
1
1
1
1
1
1
1
1
1
1
1
1
1
1
1
1
1
1
1
1
1
1
1
1
1
1
1
1
1
1
1
1
1
1
1
1
1
1
1
1
1
1
1
1
1
1
1
1
1
1
1
1
1
1
1
1
1
1
1
1
1
1
1
1
1
1
1
1
1
1
1
1
1
1
1
1
1
1
1
1
1
1
1
1
1
1
1
1
1
1
1
1
1
1
1
1
1
1
1
1
1
1
1
1
1
1
1
1
1
1
1
1
1
1
1
1
1
1
1
1
1
1
1
1
1
1
1
1
1
1
1
1
1
1
1
1
1
1
1
1
1
1
1
1
1
1
1
1
1
1
1
1
1
1
1
1
1
1
1
1
1
1
1
1
1
1
1
1
1
1
1
1
1
1
1
1
1
1
1
1
1
1
1
1
1
1
1
1
1
1
1
1
1
1
1
1
1
1
1
1
1
1
1
1
1
1
1
1
1
1
1
1
1
1
1
1
1
1
1
1
1
1
1
1
1
1
1
1
1
1
1
1
1
1
1
1
1
1
1
1
1
1
1
1
1
1
1
1
1
1
1
1
1
1
1
1
1
1
1
1
1
1
1
1
1
1
1
1
1
1
1
1
1
1
1
1
1
1
1
1
1
1
1
1
1
1
1
1
1
1
1
1
1
1
1
1
1
1
1
1
1
1
1
1
1
1
1
1
1
1
1
1
1
1
1
1
1
1
1
1
1
1
1
1
1
1
1
1
1
1
1
1
1
1
1
1
1
1
1
1
1
1
1
1
1
1
1
1
1
1
1
1
1
1
1
1
1
1
1
1
1
1
1
1
1
1
1
1
1
1
1
1
1
1
1
1
1
1
1
1
1
1
1
1
1
1
1
1
1
1
1
1
1
1
1
1
1
1
1
1
1
1
1
1
1
1
1
1
1
1
1
1
1
1
1
1
1
1
1
1
1
1
1
1
1
1
1
1
1
1
1
1
1
1
1
1
1
1
1
1
1
1
1
1
1
1
1
1
1
1
1
1
1
1
1
1
1
1
1
1
1
1
1
1
1
1
1
1
1
1
1
1
1
1
1
1
1
1
1
1
1
1
1
1
1
1
1
1
1
1
1
1
1
1
1
1
1
1
1
1
1
1
1
1
1
1
1
1
1
1
1
1
1
1
1
1
1
1
1
1
1
1
1
1
1
1
1
1
1
1
1
1
1
1
1
1
1
1
1
1
1
1
1
1
1
1
1
1
1
1
1
1
1
1
1
1
1
1
1
1
1
1
1
1
1
1
1
1
1
1
1
1
1
1
1
1
1
1
1
1
1
1
1
1
1
1
1
1
1
1
1
1
1
1
1
1
1
1
1
1
1
1
1
1
1
1
1
1
1
1
1
1
1
1
1
1
1
1
1
1
1
1
1
1
1
1
1
1
1
1
1
1
1
1
1
1
1
1
1
1
1
1
1
1
1
1
1
1
1
1
1
1
1
1
1
1
1
1
1
1
1
1
1
1
1
1
1
1
1
1
1
1
1
1
1
1
1
1
1
1
1
1
1
1
1
1
1
1
1
1
1
1
1
1
1
1
1
1
1
1
1
1
1
1
1
1
1
1
1
1
1
1
1
1
1
1
1
1
1
1
1
1
1
1
1
1
1
1
1
1
1
1
1
1
1
1
1
1
1
1
1
1
1
1
1
1
1
1
1
1
1
1
1
1
1
1
1
1
1
1
1
1
1
1
1
1
1
1
1
1
1
1
1
1
1
1
1
1
1
1
1
1
1
1
1
1
1
1
1
1
1
1
1
1
1
1
1
1
1
1
1
1
1
1
1
1
1
1
1
1
1
1
1
1
1
1
1
1
1
1
1
1
1
1
1
1
1
1
1
1
1
1
1
1
1
1
1
1
1
1
1
1
1
1
1
1
1
1
1
1
1
1
1
1
1
1
1
1
1
1
1
1
1
1
1
1
1
1
1
1
1
1
1
1
1
1
1
1
1
1
1
1
1
1
1
1
1
1
1
1
1
1
1
1
1
1
1
1
1
1
1
1
1
1
1
1
1
1
1
1
1
1
1
1
1
1
1
1
1
1
1
1
1
1
1
1
1
1
1
1
1
1
1
1
1
1
1
1
1
1
1
1
1
1
1
1
1
1
1
1
1
1
1
1
1
1
1
1
1
1
1
1
1
1
1
1
1
1
1
1
1
1
1
1
1
1
1
1
1
1
1
1
1
1
1
1
1
1
1
1
1
1
1
1
1
1
1
1
1
1
1
1
1
1
1
1
1
1
1
1
1
1
1
1
1
1
1
1
1
1
1
1
1
1
1
1
1
1
1
1
1
1
1
1
1
1
1
1
1
1
1
1
1
1
1
1
1
1
1
1
1
1
1
1
1
1
1
1
1
1
1
1
1
1
1
1
1
1
1
1
1
1
1
1
1
1
1
1
1
1
1
1
1
1
1
1
1
1
1
1
1
1
1
1
1
1
1
1
1
1
1
1
1
1
1
1
1
1
1
1
1
1
1
1
1
1
1
1
1
1
1
1
1
1
1
1
1
1
1
1
1
1
1
1
1
)
;

boundaryField
{
    backAndFront
    {
        type            empty;
    }
    dirichletBoundary
    {
        type            fixedValue;
        value           uniform 0;
    }
}


// ************************************************************************* //
