/*--------------------------------*- C++ -*----------------------------------*\
| =========                 |                                                 |
| \\      /  F ield         | OpenFOAM: The Open Source CFD Toolbox           |
|  \\    /   O peration     | Version:  v1806                                 |
|   \\  /    A nd           | Web:      www.OpenFOAM.com                      |
|    \\/     M anipulation  |                                                 |
\*---------------------------------------------------------------------------*/
FoamFile
{
    version     2.0;
    format      ascii;
    class       volScalarField;
    location    "3";
    object      y;
}
// * * * * * * * * * * * * * * * * * * * * * * * * * * * * * * * * * * * * * //

dimensions      [0 0 0 0 0 0 0];


internalField   nonuniform List<scalar> 
10000
(
0.996234
0.996234
0.996233
0.996233
0.996232
0.996231
0.99623
0.996229
0.996227
0.996226
0.996224
0.996222
0.99622
0.996218
0.996215
0.996213
0.99621
0.996207
0.996204
0.996201
0.996198
0.996195
0.996192
0.996189
0.996186
0.996183
0.996179
0.996176
0.996173
0.99617
0.996166
0.996163
0.99616
0.996157
0.996154
0.996152
0.996149
0.996146
0.996144
0.996142
0.99614
0.996138
0.996136
0.996135
0.996133
0.996132
0.996132
0.996131
0.99613
0.99613
0.99613
0.99613
0.996131
0.996132
0.996132
0.996133
0.996135
0.996136
0.996138
0.99614
0.996142
0.996144
0.996146
0.996149
0.996152
0.996154
0.996157
0.99616
0.996163
0.996166
0.99617
0.996173
0.996176
0.996179
0.996183
0.996186
0.996189
0.996192
0.996195
0.996198
0.996201
0.996204
0.996207
0.99621
0.996213
0.996215
0.996218
0.99622
0.996222
0.996224
0.996226
0.996227
0.996229
0.99623
0.996231
0.996232
0.996233
0.996233
0.996234
0.996234
0.996234
0.996234
0.996233
0.996233
0.996232
0.996231
0.99623
0.996228
0.996227
0.996225
0.996224
0.996222
0.99622
0.996217
0.996215
0.996212
0.99621
0.996207
0.996204
0.996201
0.996198
0.996195
0.996192
0.996189
0.996185
0.996182
0.996179
0.996176
0.996172
0.996169
0.996166
0.996163
0.99616
0.996157
0.996154
0.996151
0.996148
0.996146
0.996144
0.996141
0.996139
0.996137
0.996136
0.996134
0.996133
0.996132
0.996131
0.99613
0.99613
0.99613
0.99613
0.99613
0.99613
0.996131
0.996132
0.996133
0.996134
0.996136
0.996137
0.996139
0.996141
0.996144
0.996146
0.996148
0.996151
0.996154
0.996157
0.99616
0.996163
0.996166
0.996169
0.996172
0.996176
0.996179
0.996182
0.996185
0.996189
0.996192
0.996195
0.996198
0.996201
0.996204
0.996207
0.99621
0.996212
0.996215
0.996217
0.99622
0.996222
0.996224
0.996225
0.996227
0.996228
0.99623
0.996231
0.996232
0.996233
0.996233
0.996234
0.996234
0.996233
0.996233
0.996233
0.996232
0.996231
0.99623
0.996229
0.996228
0.996227
0.996225
0.996223
0.996221
0.996219
0.996217
0.996214
0.996212
0.996209
0.996206
0.996204
0.996201
0.996198
0.996194
0.996191
0.996188
0.996185
0.996181
0.996178
0.996175
0.996172
0.996168
0.996165
0.996162
0.996159
0.996156
0.996153
0.99615
0.996147
0.996145
0.996142
0.99614
0.996138
0.996136
0.996135
0.996133
0.996132
0.996131
0.99613
0.996129
0.996129
0.996128
0.996128
0.996129
0.996129
0.99613
0.996131
0.996132
0.996133
0.996135
0.996136
0.996138
0.99614
0.996142
0.996145
0.996147
0.99615
0.996153
0.996156
0.996159
0.996162
0.996165
0.996168
0.996172
0.996175
0.996178
0.996181
0.996185
0.996188
0.996191
0.996194
0.996198
0.996201
0.996204
0.996206
0.996209
0.996212
0.996214
0.996217
0.996219
0.996221
0.996223
0.996225
0.996227
0.996228
0.996229
0.99623
0.996231
0.996232
0.996233
0.996233
0.996233
0.996233
0.996233
0.996232
0.996232
0.996231
0.99623
0.996229
0.996227
0.996226
0.996224
0.996222
0.996221
0.996218
0.996216
0.996214
0.996211
0.996208
0.996206
0.996203
0.9962
0.996197
0.996193
0.99619
0.996187
0.996184
0.99618
0.996177
0.996174
0.99617
0.996167
0.996164
0.996161
0.996157
0.996154
0.996151
0.996149
0.996146
0.996143
0.996141
0.996139
0.996136
0.996135
0.996133
0.996131
0.99613
0.996129
0.996128
0.996127
0.996127
0.996127
0.996127
0.996127
0.996127
0.996128
0.996129
0.99613
0.996131
0.996133
0.996135
0.996136
0.996139
0.996141
0.996143
0.996146
0.996149
0.996151
0.996154
0.996157
0.996161
0.996164
0.996167
0.99617
0.996174
0.996177
0.99618
0.996184
0.996187
0.99619
0.996193
0.996197
0.9962
0.996203
0.996206
0.996208
0.996211
0.996214
0.996216
0.996218
0.996221
0.996222
0.996224
0.996226
0.996227
0.996229
0.99623
0.996231
0.996232
0.996232
0.996233
0.996233
0.996232
0.996232
0.996231
0.996231
0.99623
0.996229
0.996228
0.996227
0.996225
0.996223
0.996222
0.99622
0.996217
0.996215
0.996213
0.99621
0.996207
0.996205
0.996202
0.996199
0.996195
0.996192
0.996189
0.996186
0.996182
0.996179
0.996175
0.996172
0.996169
0.996165
0.996162
0.996159
0.996156
0.996152
0.996149
0.996147
0.996144
0.996141
0.996139
0.996136
0.996134
0.996132
0.99613
0.996129
0.996128
0.996126
0.996125
0.996125
0.996124
0.996124
0.996124
0.996124
0.996125
0.996125
0.996126
0.996128
0.996129
0.99613
0.996132
0.996134
0.996136
0.996139
0.996141
0.996144
0.996147
0.996149
0.996152
0.996156
0.996159
0.996162
0.996165
0.996169
0.996172
0.996175
0.996179
0.996182
0.996186
0.996189
0.996192
0.996195
0.996199
0.996202
0.996205
0.996207
0.99621
0.996213
0.996215
0.996217
0.99622
0.996222
0.996223
0.996225
0.996227
0.996228
0.996229
0.99623
0.996231
0.996231
0.996232
0.996232
0.996231
0.996231
0.99623
0.99623
0.996229
0.996228
0.996227
0.996226
0.996224
0.996222
0.996221
0.996218
0.996216
0.996214
0.996211
0.996209
0.996206
0.996203
0.9962
0.996197
0.996194
0.996191
0.996187
0.996184
0.99618
0.996177
0.996174
0.99617
0.996167
0.996163
0.99616
0.996156
0.996153
0.99615
0.996147
0.996144
0.996141
0.996138
0.996136
0.996134
0.996131
0.996129
0.996128
0.996126
0.996125
0.996123
0.996122
0.996122
0.996121
0.996121
0.996121
0.996121
0.996122
0.996122
0.996123
0.996125
0.996126
0.996128
0.996129
0.996131
0.996134
0.996136
0.996138
0.996141
0.996144
0.996147
0.99615
0.996153
0.996156
0.99616
0.996163
0.996167
0.99617
0.996174
0.996177
0.99618
0.996184
0.996187
0.996191
0.996194
0.996197
0.9962
0.996203
0.996206
0.996209
0.996211
0.996214
0.996216
0.996218
0.996221
0.996222
0.996224
0.996226
0.996227
0.996228
0.996229
0.99623
0.99623
0.996231
0.996231
0.99623
0.99623
0.996229
0.996229
0.996228
0.996227
0.996226
0.996224
0.996223
0.996221
0.996219
0.996217
0.996215
0.996212
0.99621
0.996207
0.996204
0.996201
0.996198
0.996195
0.996192
0.996189
0.996185
0.996182
0.996178
0.996175
0.996171
0.996168
0.996164
0.996161
0.996157
0.996154
0.99615
0.996147
0.996144
0.996141
0.996138
0.996135
0.996133
0.99613
0.996128
0.996126
0.996124
0.996122
0.996121
0.99612
0.996119
0.996118
0.996118
0.996117
0.996117
0.996118
0.996118
0.996119
0.99612
0.996121
0.996122
0.996124
0.996126
0.996128
0.99613
0.996133
0.996135
0.996138
0.996141
0.996144
0.996147
0.99615
0.996154
0.996157
0.996161
0.996164
0.996168
0.996171
0.996175
0.996178
0.996182
0.996185
0.996189
0.996192
0.996195
0.996198
0.996201
0.996204
0.996207
0.99621
0.996212
0.996215
0.996217
0.996219
0.996221
0.996223
0.996224
0.996226
0.996227
0.996228
0.996229
0.996229
0.99623
0.99623
0.996229
0.996228
0.996228
0.996227
0.996227
0.996226
0.996224
0.996223
0.996221
0.99622
0.996218
0.996216
0.996213
0.996211
0.996208
0.996205
0.996203
0.9962
0.996196
0.996193
0.99619
0.996186
0.996183
0.996179
0.996176
0.996172
0.996169
0.996165
0.996161
0.996158
0.996154
0.996151
0.996147
0.996144
0.996141
0.996137
0.996134
0.996132
0.996129
0.996126
0.996124
0.996122
0.99612
0.996118
0.996117
0.996116
0.996115
0.996114
0.996113
0.996113
0.996113
0.996113
0.996114
0.996115
0.996116
0.996117
0.996118
0.99612
0.996122
0.996124
0.996126
0.996129
0.996132
0.996134
0.996137
0.996141
0.996144
0.996147
0.996151
0.996154
0.996158
0.996161
0.996165
0.996169
0.996172
0.996176
0.996179
0.996183
0.996186
0.99619
0.996193
0.996196
0.9962
0.996203
0.996205
0.996208
0.996211
0.996213
0.996216
0.996218
0.99622
0.996221
0.996223
0.996224
0.996226
0.996227
0.996227
0.996228
0.996228
0.996229
0.996227
0.996227
0.996227
0.996226
0.996225
0.996224
0.996223
0.996221
0.99622
0.996218
0.996216
0.996214
0.996211
0.996209
0.996206
0.996203
0.9962
0.996197
0.996194
0.996191
0.996187
0.996184
0.99618
0.996177
0.996173
0.996169
0.996165
0.996162
0.996158
0.996154
0.996151
0.996147
0.996143
0.99614
0.996137
0.996133
0.99613
0.996127
0.996124
0.996122
0.996119
0.996117
0.996115
0.996113
0.996112
0.996111
0.99611
0.996109
0.996108
0.996108
0.996108
0.996108
0.996109
0.99611
0.996111
0.996112
0.996113
0.996115
0.996117
0.996119
0.996122
0.996124
0.996127
0.99613
0.996133
0.996137
0.99614
0.996143
0.996147
0.996151
0.996154
0.996158
0.996162
0.996165
0.996169
0.996173
0.996177
0.99618
0.996184
0.996187
0.996191
0.996194
0.996197
0.9962
0.996203
0.996206
0.996209
0.996211
0.996214
0.996216
0.996218
0.99622
0.996221
0.996223
0.996224
0.996225
0.996226
0.996227
0.996227
0.996227
0.996226
0.996225
0.996225
0.996224
0.996223
0.996222
0.996221
0.99622
0.996218
0.996216
0.996214
0.996212
0.996209
0.996207
0.996204
0.996201
0.996198
0.996195
0.996192
0.996188
0.996185
0.996181
0.996177
0.996174
0.99617
0.996166
0.996162
0.996158
0.996154
0.99615
0.996147
0.996143
0.996139
0.996136
0.996132
0.996129
0.996125
0.996122
0.996119
0.996117
0.996114
0.996112
0.99611
0.996108
0.996106
0.996105
0.996104
0.996103
0.996103
0.996102
0.996102
0.996103
0.996103
0.996104
0.996105
0.996106
0.996108
0.99611
0.996112
0.996114
0.996117
0.996119
0.996122
0.996125
0.996129
0.996132
0.996136
0.996139
0.996143
0.996147
0.99615
0.996154
0.996158
0.996162
0.996166
0.99617
0.996174
0.996177
0.996181
0.996185
0.996188
0.996192
0.996195
0.996198
0.996201
0.996204
0.996207
0.996209
0.996212
0.996214
0.996216
0.996218
0.99622
0.996221
0.996222
0.996223
0.996224
0.996225
0.996225
0.996226
0.996224
0.996224
0.996223
0.996222
0.996222
0.996221
0.996219
0.996218
0.996216
0.996214
0.996212
0.99621
0.996207
0.996205
0.996202
0.996199
0.996196
0.996192
0.996189
0.996185
0.996182
0.996178
0.996174
0.99617
0.996166
0.996162
0.996158
0.996154
0.99615
0.996146
0.996142
0.996138
0.996134
0.996131
0.996127
0.996124
0.99612
0.996117
0.996114
0.996111
0.996109
0.996106
0.996104
0.996102
0.9961
0.996099
0.996098
0.996097
0.996096
0.996096
0.996096
0.996096
0.996097
0.996098
0.996099
0.9961
0.996102
0.996104
0.996106
0.996109
0.996111
0.996114
0.996117
0.99612
0.996124
0.996127
0.996131
0.996134
0.996138
0.996142
0.996146
0.99615
0.996154
0.996158
0.996162
0.996166
0.99617
0.996174
0.996178
0.996182
0.996185
0.996189
0.996192
0.996196
0.996199
0.996202
0.996205
0.996207
0.99621
0.996212
0.996214
0.996216
0.996218
0.996219
0.996221
0.996222
0.996222
0.996223
0.996224
0.996224
0.996222
0.996222
0.996221
0.996221
0.99622
0.996218
0.996217
0.996216
0.996214
0.996212
0.99621
0.996207
0.996205
0.996202
0.996199
0.996196
0.996193
0.996189
0.996186
0.996182
0.996178
0.996174
0.996171
0.996166
0.996162
0.996158
0.996154
0.99615
0.996146
0.996141
0.996137
0.996133
0.996129
0.996125
0.996122
0.996118
0.996114
0.996111
0.996108
0.996105
0.996102
0.9961
0.996097
0.996095
0.996094
0.996092
0.996091
0.99609
0.99609
0.996089
0.996089
0.99609
0.99609
0.996091
0.996092
0.996094
0.996095
0.996097
0.9961
0.996102
0.996105
0.996108
0.996111
0.996114
0.996118
0.996122
0.996125
0.996129
0.996133
0.996137
0.996141
0.996146
0.99615
0.996154
0.996158
0.996162
0.996166
0.996171
0.996174
0.996178
0.996182
0.996186
0.996189
0.996193
0.996196
0.996199
0.996202
0.996205
0.996207
0.99621
0.996212
0.996214
0.996216
0.996217
0.996218
0.99622
0.996221
0.996221
0.996222
0.996222
0.99622
0.99622
0.996219
0.996218
0.996217
0.996216
0.996215
0.996213
0.996211
0.996209
0.996207
0.996205
0.996202
0.996199
0.996196
0.996193
0.99619
0.996186
0.996182
0.996179
0.996175
0.996171
0.996167
0.996162
0.996158
0.996154
0.996149
0.996145
0.996141
0.996136
0.996132
0.996128
0.996124
0.99612
0.996116
0.996112
0.996108
0.996104
0.996101
0.996098
0.996095
0.996092
0.99609
0.996088
0.996086
0.996085
0.996083
0.996083
0.996082
0.996082
0.996082
0.996082
0.996083
0.996083
0.996085
0.996086
0.996088
0.99609
0.996092
0.996095
0.996098
0.996101
0.996104
0.996108
0.996112
0.996116
0.99612
0.996124
0.996128
0.996132
0.996136
0.996141
0.996145
0.996149
0.996154
0.996158
0.996162
0.996167
0.996171
0.996175
0.996179
0.996182
0.996186
0.99619
0.996193
0.996196
0.996199
0.996202
0.996205
0.996207
0.996209
0.996211
0.996213
0.996215
0.996216
0.996217
0.996218
0.996219
0.99622
0.99622
0.996218
0.996217
0.996217
0.996216
0.996215
0.996214
0.996212
0.996211
0.996209
0.996207
0.996205
0.996202
0.996199
0.996196
0.996193
0.99619
0.996186
0.996183
0.996179
0.996175
0.996171
0.996167
0.996162
0.996158
0.996154
0.996149
0.996145
0.99614
0.996135
0.996131
0.996126
0.996122
0.996117
0.996113
0.996109
0.996105
0.996101
0.996097
0.996094
0.996091
0.996087
0.996085
0.996082
0.99608
0.996078
0.996076
0.996075
0.996074
0.996074
0.996073
0.996073
0.996074
0.996074
0.996075
0.996076
0.996078
0.99608
0.996082
0.996085
0.996087
0.996091
0.996094
0.996097
0.996101
0.996105
0.996109
0.996113
0.996117
0.996122
0.996126
0.996131
0.996135
0.99614
0.996145
0.996149
0.996154
0.996158
0.996162
0.996167
0.996171
0.996175
0.996179
0.996183
0.996186
0.99619
0.996193
0.996196
0.996199
0.996202
0.996205
0.996207
0.996209
0.996211
0.996212
0.996214
0.996215
0.996216
0.996217
0.996217
0.996218
0.996215
0.996215
0.996214
0.996214
0.996213
0.996211
0.99621
0.996208
0.996206
0.996204
0.996202
0.996199
0.996196
0.996193
0.99619
0.996186
0.996183
0.996179
0.996175
0.996171
0.996167
0.996162
0.996158
0.996153
0.996149
0.996144
0.996139
0.996135
0.99613
0.996125
0.99612
0.996115
0.996111
0.996106
0.996102
0.996098
0.996094
0.99609
0.996086
0.996082
0.996079
0.996076
0.996074
0.996071
0.996069
0.996068
0.996066
0.996065
0.996065
0.996064
0.996064
0.996065
0.996065
0.996066
0.996068
0.996069
0.996071
0.996074
0.996076
0.996079
0.996082
0.996086
0.99609
0.996094
0.996098
0.996102
0.996106
0.996111
0.996115
0.99612
0.996125
0.99613
0.996135
0.996139
0.996144
0.996149
0.996153
0.996158
0.996162
0.996167
0.996171
0.996175
0.996179
0.996183
0.996186
0.99619
0.996193
0.996196
0.996199
0.996202
0.996204
0.996206
0.996208
0.99621
0.996211
0.996213
0.996214
0.996214
0.996215
0.996215
0.996213
0.996212
0.996212
0.996211
0.99621
0.996209
0.996207
0.996205
0.996203
0.996201
0.996199
0.996196
0.996193
0.99619
0.996186
0.996183
0.996179
0.996175
0.996171
0.996167
0.996162
0.996158
0.996153
0.996148
0.996144
0.996139
0.996134
0.996129
0.996124
0.996119
0.996114
0.996109
0.996104
0.996099
0.996094
0.99609
0.996085
0.996081
0.996077
0.996074
0.99607
0.996067
0.996064
0.996062
0.99606
0.996058
0.996057
0.996055
0.996055
0.996054
0.996054
0.996055
0.996055
0.996057
0.996058
0.99606
0.996062
0.996064
0.996067
0.99607
0.996074
0.996077
0.996081
0.996085
0.99609
0.996094
0.996099
0.996104
0.996109
0.996114
0.996119
0.996124
0.996129
0.996134
0.996139
0.996144
0.996148
0.996153
0.996158
0.996162
0.996167
0.996171
0.996175
0.996179
0.996183
0.996186
0.99619
0.996193
0.996196
0.996199
0.996201
0.996203
0.996205
0.996207
0.996209
0.99621
0.996211
0.996212
0.996212
0.996213
0.99621
0.99621
0.996209
0.996208
0.996207
0.996206
0.996204
0.996203
0.9962
0.996198
0.996196
0.996193
0.99619
0.996186
0.996183
0.996179
0.996175
0.996171
0.996167
0.996162
0.996158
0.996153
0.996148
0.996143
0.996138
0.996133
0.996128
0.996122
0.996117
0.996112
0.996107
0.996101
0.996096
0.996091
0.996086
0.996081
0.996077
0.996072
0.996068
0.996064
0.996061
0.996057
0.996054
0.996052
0.996049
0.996048
0.996046
0.996045
0.996044
0.996044
0.996044
0.996044
0.996045
0.996046
0.996048
0.996049
0.996052
0.996054
0.996057
0.996061
0.996064
0.996068
0.996072
0.996077
0.996081
0.996086
0.996091
0.996096
0.996101
0.996107
0.996112
0.996117
0.996122
0.996128
0.996133
0.996138
0.996143
0.996148
0.996153
0.996158
0.996162
0.996167
0.996171
0.996175
0.996179
0.996183
0.996186
0.99619
0.996193
0.996196
0.996198
0.9962
0.996203
0.996204
0.996206
0.996207
0.996208
0.996209
0.99621
0.99621
0.996207
0.996207
0.996206
0.996206
0.996205
0.996203
0.996201
0.9962
0.996197
0.996195
0.996192
0.996189
0.996186
0.996183
0.996179
0.996175
0.996171
0.996167
0.996162
0.996158
0.996153
0.996148
0.996143
0.996138
0.996132
0.996127
0.996121
0.996116
0.99611
0.996105
0.996099
0.996094
0.996088
0.996083
0.996077
0.996072
0.996068
0.996063
0.996058
0.996054
0.99605
0.996047
0.996043
0.99604
0.996038
0.996036
0.996035
0.996034
0.996033
0.996033
0.996033
0.996033
0.996034
0.996035
0.996036
0.996038
0.99604
0.996043
0.996047
0.99605
0.996054
0.996058
0.996063
0.996068
0.996072
0.996077
0.996083
0.996088
0.996094
0.996099
0.996105
0.99611
0.996116
0.996121
0.996127
0.996132
0.996138
0.996143
0.996148
0.996153
0.996158
0.996162
0.996167
0.996171
0.996175
0.996179
0.996183
0.996186
0.996189
0.996192
0.996195
0.996197
0.9962
0.996201
0.996203
0.996205
0.996206
0.996206
0.996207
0.996207
0.996204
0.996204
0.996204
0.996203
0.996202
0.9962
0.996198
0.996196
0.996194
0.996192
0.996189
0.996186
0.996182
0.996179
0.996175
0.996171
0.996167
0.996162
0.996158
0.996153
0.996148
0.996143
0.996137
0.996132
0.996126
0.99612
0.996115
0.996109
0.996103
0.996097
0.996091
0.996085
0.996079
0.996074
0.996068
0.996063
0.996058
0.996053
0.996048
0.996043
0.996039
0.996036
0.996033
0.99603
0.996028
0.996026
0.996024
0.996023
0.996023
0.996022
0.996022
0.996023
0.996023
0.996024
0.996026
0.996028
0.99603
0.996033
0.996036
0.996039
0.996043
0.996048
0.996053
0.996058
0.996063
0.996068
0.996074
0.996079
0.996085
0.996091
0.996097
0.996103
0.996109
0.996115
0.99612
0.996126
0.996132
0.996137
0.996143
0.996148
0.996153
0.996158
0.996162
0.996167
0.996171
0.996175
0.996179
0.996182
0.996186
0.996189
0.996192
0.996194
0.996196
0.996198
0.9962
0.996202
0.996203
0.996204
0.996204
0.996204
0.996201
0.996201
0.996201
0.9962
0.996199
0.996197
0.996195
0.996193
0.996191
0.996188
0.996185
0.996182
0.996179
0.996175
0.996171
0.996167
0.996162
0.996158
0.996153
0.996148
0.996142
0.996137
0.996131
0.996126
0.99612
0.996114
0.996108
0.996101
0.996095
0.996089
0.996083
0.996077
0.99607
0.996064
0.996058
0.996053
0.996047
0.996042
0.996037
0.996033
0.996029
0.996026
0.996023
0.99602
0.996018
0.996016
0.996015
0.996014
0.996013
0.996013
0.996013
0.996013
0.996014
0.996015
0.996016
0.996018
0.99602
0.996023
0.996026
0.996029
0.996033
0.996037
0.996042
0.996047
0.996053
0.996058
0.996064
0.99607
0.996077
0.996083
0.996089
0.996095
0.996101
0.996108
0.996114
0.99612
0.996126
0.996131
0.996137
0.996142
0.996148
0.996153
0.996158
0.996162
0.996167
0.996171
0.996175
0.996179
0.996182
0.996185
0.996188
0.996191
0.996193
0.996195
0.996197
0.996199
0.9962
0.996201
0.996201
0.996201
0.996198
0.996198
0.996198
0.996197
0.996195
0.996194
0.996192
0.99619
0.996187
0.996185
0.996182
0.996178
0.996175
0.996171
0.996167
0.996162
0.996158
0.996153
0.996148
0.996142
0.996137
0.996131
0.996125
0.996119
0.996113
0.996107
0.9961
0.996094
0.996087
0.996081
0.996074
0.996067
0.996061
0.996054
0.996048
0.996042
0.996037
0.996032
0.996027
0.996023
0.996019
0.996016
0.996013
0.996011
0.996009
0.996007
0.996006
0.996005
0.996004
0.996004
0.996004
0.996004
0.996005
0.996006
0.996007
0.996009
0.996011
0.996013
0.996016
0.996019
0.996023
0.996027
0.996032
0.996037
0.996042
0.996048
0.996054
0.996061
0.996067
0.996074
0.996081
0.996087
0.996094
0.9961
0.996107
0.996113
0.996119
0.996125
0.996131
0.996137
0.996142
0.996148
0.996153
0.996158
0.996162
0.996167
0.996171
0.996175
0.996178
0.996182
0.996185
0.996187
0.99619
0.996192
0.996194
0.996195
0.996197
0.996198
0.996198
0.996198
0.996195
0.996195
0.996194
0.996193
0.996192
0.996191
0.996189
0.996186
0.996184
0.996181
0.996178
0.996174
0.996171
0.996167
0.996162
0.996158
0.996153
0.996148
0.996143
0.996137
0.996131
0.996125
0.996119
0.996113
0.996106
0.996099
0.996093
0.996086
0.996079
0.996072
0.996065
0.996058
0.996051
0.996044
0.996038
0.996032
0.996027
0.996022
0.996018
0.996014
0.99601
0.996007
0.996005
0.996002
0.996
0.995999
0.995997
0.995996
0.995996
0.995996
0.995996
0.995996
0.995996
0.995997
0.995999
0.996
0.996002
0.996005
0.996007
0.99601
0.996014
0.996018
0.996022
0.996027
0.996032
0.996038
0.996044
0.996051
0.996058
0.996065
0.996072
0.996079
0.996086
0.996093
0.996099
0.996106
0.996113
0.996119
0.996125
0.996131
0.996137
0.996143
0.996148
0.996153
0.996158
0.996162
0.996167
0.996171
0.996174
0.996178
0.996181
0.996184
0.996186
0.996189
0.996191
0.996192
0.996193
0.996194
0.996195
0.996195
0.996192
0.996192
0.996191
0.99619
0.996189
0.996187
0.996185
0.996183
0.99618
0.996177
0.996174
0.996171
0.996167
0.996162
0.996158
0.996153
0.996148
0.996143
0.996137
0.996131
0.996125
0.996119
0.996112
0.996106
0.996099
0.996092
0.996085
0.996077
0.99607
0.996063
0.996055
0.996048
0.996041
0.996034
0.996029
0.996023
0.996018
0.996013
0.996009
0.996006
0.996002
0.995999
0.995997
0.995995
0.995993
0.995991
0.99599
0.995989
0.995988
0.995988
0.995988
0.995988
0.995989
0.99599
0.995991
0.995993
0.995995
0.995997
0.995999
0.996002
0.996006
0.996009
0.996013
0.996018
0.996023
0.996029
0.996034
0.996041
0.996048
0.996055
0.996063
0.99607
0.996077
0.996085
0.996092
0.996099
0.996106
0.996112
0.996119
0.996125
0.996131
0.996137
0.996143
0.996148
0.996153
0.996158
0.996162
0.996167
0.996171
0.996174
0.996177
0.99618
0.996183
0.996185
0.996187
0.996189
0.99619
0.996191
0.996192
0.996192
0.996189
0.996189
0.996188
0.996187
0.996186
0.996184
0.996182
0.996179
0.996177
0.996174
0.99617
0.996166
0.996162
0.996158
0.996153
0.996148
0.996143
0.996138
0.996132
0.996126
0.996119
0.996113
0.996106
0.996099
0.996091
0.996084
0.996076
0.996069
0.996061
0.996053
0.996046
0.996038
0.996032
0.996025
0.99602
0.996014
0.99601
0.996005
0.996001
0.995998
0.995995
0.995992
0.99599
0.995987
0.995986
0.995984
0.995983
0.995982
0.995982
0.995982
0.995982
0.995982
0.995982
0.995983
0.995984
0.995986
0.995987
0.99599
0.995992
0.995995
0.995998
0.996001
0.996005
0.99601
0.996014
0.99602
0.996025
0.996032
0.996038
0.996046
0.996053
0.996061
0.996069
0.996076
0.996084
0.996091
0.996099
0.996106
0.996113
0.996119
0.996126
0.996132
0.996138
0.996143
0.996148
0.996153
0.996158
0.996162
0.996166
0.99617
0.996174
0.996177
0.996179
0.996182
0.996184
0.996186
0.996187
0.996188
0.996189
0.996189
0.996186
0.996185
0.996185
0.996184
0.996182
0.99618
0.996178
0.996176
0.996173
0.99617
0.996166
0.996162
0.996158
0.996154
0.996149
0.996144
0.996138
0.996132
0.996126
0.99612
0.996113
0.996106
0.996099
0.996091
0.996084
0.996076
0.996068
0.99606
0.996051
0.996044
0.996036
0.996029
0.996023
0.996017
0.996011
0.996006
0.996002
0.995998
0.995994
0.995991
0.995988
0.995985
0.995983
0.995981
0.99598
0.995978
0.995977
0.995977
0.995976
0.995976
0.995976
0.995976
0.995977
0.995977
0.995978
0.99598
0.995981
0.995983
0.995985
0.995988
0.995991
0.995994
0.995998
0.996002
0.996006
0.996011
0.996017
0.996023
0.996029
0.996036
0.996044
0.996051
0.99606
0.996068
0.996076
0.996084
0.996091
0.996099
0.996106
0.996113
0.99612
0.996126
0.996132
0.996138
0.996144
0.996149
0.996154
0.996158
0.996162
0.996166
0.99617
0.996173
0.996176
0.996178
0.99618
0.996182
0.996184
0.996185
0.996185
0.996186
0.996183
0.996182
0.996181
0.99618
0.996179
0.996177
0.996175
0.996172
0.996169
0.996166
0.996162
0.996158
0.996154
0.996149
0.996144
0.996139
0.996133
0.996127
0.99612
0.996114
0.996107
0.996099
0.996092
0.996084
0.996076
0.996068
0.996059
0.99605
0.996042
0.996035
0.996028
0.996021
0.996015
0.996009
0.996004
0.995999
0.995995
0.995991
0.995988
0.995985
0.995982
0.995979
0.995977
0.995976
0.995974
0.995973
0.995972
0.995972
0.995971
0.995971
0.995971
0.995971
0.995972
0.995972
0.995973
0.995974
0.995976
0.995977
0.995979
0.995982
0.995985
0.995988
0.995991
0.995995
0.995999
0.996004
0.996009
0.996015
0.996021
0.996028
0.996035
0.996042
0.99605
0.996059
0.996068
0.996076
0.996084
0.996092
0.996099
0.996107
0.996114
0.99612
0.996127
0.996133
0.996139
0.996144
0.996149
0.996154
0.996158
0.996162
0.996166
0.996169
0.996172
0.996175
0.996177
0.996179
0.99618
0.996181
0.996182
0.996183
0.996179
0.996179
0.996178
0.996177
0.996175
0.996174
0.996171
0.996169
0.996165
0.996162
0.996158
0.996154
0.996149
0.996145
0.996139
0.996134
0.996128
0.996121
0.996115
0.996108
0.9961
0.996093
0.996085
0.996076
0.996068
0.996059
0.99605
0.996042
0.996034
0.996026
0.99602
0.996013
0.996007
0.996002
0.995997
0.995993
0.995989
0.995985
0.995982
0.995979
0.995976
0.995974
0.995973
0.995971
0.99597
0.995969
0.995968
0.995967
0.995967
0.995967
0.995967
0.995967
0.995967
0.995968
0.995969
0.99597
0.995971
0.995973
0.995974
0.995976
0.995979
0.995982
0.995985
0.995989
0.995993
0.995997
0.996002
0.996007
0.996013
0.99602
0.996026
0.996034
0.996042
0.99605
0.996059
0.996068
0.996076
0.996085
0.996093
0.9961
0.996108
0.996115
0.996121
0.996128
0.996134
0.996139
0.996145
0.996149
0.996154
0.996158
0.996162
0.996165
0.996169
0.996171
0.996174
0.996175
0.996177
0.996178
0.996179
0.996179
0.996176
0.996176
0.996175
0.996174
0.996172
0.99617
0.996168
0.996165
0.996162
0.996158
0.996154
0.99615
0.996145
0.99614
0.996135
0.996129
0.996122
0.996116
0.996109
0.996101
0.996094
0.996086
0.996077
0.996069
0.99606
0.99605
0.996042
0.996033
0.996026
0.996019
0.996012
0.996006
0.996
0.995995
0.995991
0.995987
0.995983
0.99598
0.995977
0.995974
0.995972
0.99597
0.995968
0.995967
0.995966
0.995965
0.995965
0.995964
0.995964
0.995964
0.995964
0.995964
0.995964
0.995965
0.995965
0.995966
0.995967
0.995968
0.99597
0.995972
0.995974
0.995977
0.99598
0.995983
0.995987
0.995991
0.995995
0.996
0.996006
0.996012
0.996019
0.996026
0.996033
0.996042
0.99605
0.99606
0.996069
0.996077
0.996086
0.996094
0.996101
0.996109
0.996116
0.996122
0.996129
0.996135
0.99614
0.996145
0.99615
0.996154
0.996158
0.996162
0.996165
0.996168
0.99617
0.996172
0.996174
0.996175
0.996176
0.996176
0.996173
0.996172
0.996172
0.99617
0.996169
0.996167
0.996164
0.996161
0.996158
0.996154
0.99615
0.996146
0.996141
0.996135
0.99613
0.996124
0.996117
0.99611
0.996103
0.996095
0.996087
0.996079
0.99607
0.996061
0.996051
0.996042
0.996034
0.996026
0.996018
0.996012
0.996005
0.995999
0.995994
0.995989
0.995985
0.995981
0.995978
0.995975
0.995972
0.99597
0.995968
0.995967
0.995965
0.995964
0.995963
0.995963
0.995962
0.995962
0.995962
0.995962
0.995962
0.995962
0.995962
0.995962
0.995963
0.995963
0.995964
0.995965
0.995967
0.995968
0.99597
0.995972
0.995975
0.995978
0.995981
0.995985
0.995989
0.995994
0.995999
0.996005
0.996012
0.996018
0.996026
0.996034
0.996042
0.996051
0.996061
0.99607
0.996079
0.996087
0.996095
0.996103
0.99611
0.996117
0.996124
0.99613
0.996135
0.996141
0.996146
0.99615
0.996154
0.996158
0.996161
0.996164
0.996167
0.996169
0.99617
0.996172
0.996172
0.996173
0.99617
0.996169
0.996168
0.996167
0.996165
0.996163
0.996161
0.996158
0.996154
0.99615
0.996146
0.996141
0.996136
0.996131
0.996125
0.996119
0.996112
0.996105
0.996097
0.996089
0.996081
0.996072
0.996063
0.996053
0.996044
0.996035
0.996026
0.996019
0.996012
0.996005
0.995999
0.995993
0.995988
0.995984
0.99598
0.995976
0.995973
0.995971
0.995969
0.995967
0.995965
0.995964
0.995963
0.995962
0.995961
0.995961
0.995961
0.995961
0.99596
0.99596
0.99596
0.99596
0.995961
0.995961
0.995961
0.995961
0.995962
0.995963
0.995964
0.995965
0.995967
0.995969
0.995971
0.995973
0.995976
0.99598
0.995984
0.995988
0.995993
0.995999
0.996005
0.996012
0.996019
0.996026
0.996035
0.996044
0.996053
0.996063
0.996072
0.996081
0.996089
0.996097
0.996105
0.996112
0.996119
0.996125
0.996131
0.996136
0.996141
0.996146
0.99615
0.996154
0.996158
0.996161
0.996163
0.996165
0.996167
0.996168
0.996169
0.99617
0.996166
0.996166
0.996165
0.996164
0.996162
0.99616
0.996157
0.996154
0.996151
0.996147
0.996142
0.996137
0.996132
0.996126
0.99612
0.996114
0.996107
0.996099
0.996091
0.996083
0.996074
0.996065
0.996055
0.996046
0.996036
0.996028
0.99602
0.996012
0.996005
0.995999
0.995993
0.995988
0.995983
0.995979
0.995976
0.995972
0.99597
0.995967
0.995966
0.995964
0.995963
0.995962
0.995961
0.995961
0.995961
0.99596
0.99596
0.99596
0.99596
0.99596
0.99596
0.99596
0.99596
0.99596
0.99596
0.995961
0.995961
0.995961
0.995962
0.995963
0.995964
0.995966
0.995967
0.99597
0.995972
0.995976
0.995979
0.995983
0.995988
0.995993
0.995999
0.996005
0.996012
0.99602
0.996028
0.996036
0.996046
0.996055
0.996065
0.996074
0.996083
0.996091
0.996099
0.996107
0.996114
0.99612
0.996126
0.996132
0.996137
0.996142
0.996147
0.996151
0.996154
0.996157
0.99616
0.996162
0.996164
0.996165
0.996166
0.996166
0.996163
0.996163
0.996162
0.996161
0.996159
0.996156
0.996154
0.996151
0.996147
0.996143
0.996138
0.996133
0.996128
0.996122
0.996115
0.996109
0.996101
0.996094
0.996085
0.996077
0.996067
0.996058
0.996048
0.996038
0.996029
0.996021
0.996013
0.996006
0.995999
0.995993
0.995988
0.995983
0.995979
0.995975
0.995972
0.995969
0.995967
0.995965
0.995963
0.995962
0.995961
0.995961
0.995961
0.995961
0.995961
0.995961
0.995961
0.995961
0.995961
0.995961
0.995961
0.995961
0.995961
0.995961
0.995961
0.995961
0.995961
0.995961
0.995961
0.995961
0.995962
0.995963
0.995965
0.995967
0.995969
0.995972
0.995975
0.995979
0.995983
0.995988
0.995993
0.995999
0.996006
0.996013
0.996021
0.996029
0.996038
0.996048
0.996058
0.996067
0.996077
0.996085
0.996094
0.996101
0.996109
0.996115
0.996122
0.996128
0.996133
0.996138
0.996143
0.996147
0.996151
0.996154
0.996156
0.996159
0.996161
0.996162
0.996163
0.996163
0.99616
0.99616
0.996159
0.996157
0.996156
0.996153
0.99615
0.996147
0.996143
0.996139
0.996134
0.996129
0.996124
0.996117
0.996111
0.996104
0.996096
0.996088
0.996079
0.99607
0.996061
0.996051
0.996041
0.996032
0.996023
0.996015
0.996007
0.996
0.995994
0.995988
0.995983
0.995979
0.995975
0.995971
0.995969
0.995966
0.995964
0.995963
0.995962
0.995961
0.995961
0.995961
0.995961
0.995961
0.995962
0.995962
0.995963
0.995963
0.995963
0.995963
0.995963
0.995963
0.995963
0.995963
0.995962
0.995962
0.995961
0.995961
0.995961
0.995961
0.995961
0.995962
0.995963
0.995964
0.995966
0.995969
0.995971
0.995975
0.995979
0.995983
0.995988
0.995994
0.996
0.996007
0.996015
0.996023
0.996032
0.996041
0.996051
0.996061
0.99607
0.996079
0.996088
0.996096
0.996104
0.996111
0.996117
0.996124
0.996129
0.996134
0.996139
0.996143
0.996147
0.99615
0.996153
0.996156
0.996157
0.996159
0.99616
0.99616
0.996157
0.996157
0.996156
0.996154
0.996152
0.99615
0.996147
0.996144
0.99614
0.996136
0.996131
0.996125
0.99612
0.996113
0.996106
0.996099
0.996091
0.996083
0.996074
0.996064
0.996054
0.996044
0.996034
0.996025
0.996017
0.996009
0.996002
0.995995
0.995989
0.995984
0.995979
0.995975
0.995971
0.995968
0.995966
0.995964
0.995963
0.995962
0.995961
0.995961
0.995961
0.995962
0.995962
0.995963
0.995964
0.995964
0.995965
0.995966
0.995967
0.995967
0.995967
0.995967
0.995966
0.995965
0.995964
0.995964
0.995963
0.995962
0.995962
0.995961
0.995961
0.995961
0.995962
0.995963
0.995964
0.995966
0.995968
0.995971
0.995975
0.995979
0.995984
0.995989
0.995995
0.996002
0.996009
0.996017
0.996025
0.996034
0.996044
0.996054
0.996064
0.996074
0.996083
0.996091
0.996099
0.996106
0.996113
0.99612
0.996125
0.996131
0.996136
0.99614
0.996144
0.996147
0.99615
0.996152
0.996154
0.996156
0.996157
0.996157
0.996154
0.996154
0.996153
0.996151
0.996149
0.996147
0.996144
0.996141
0.996137
0.996132
0.996127
0.996122
0.996116
0.996109
0.996102
0.996094
0.996086
0.996077
0.996068
0.996058
0.996048
0.996038
0.996029
0.99602
0.996011
0.996004
0.995997
0.995991
0.995985
0.99598
0.995976
0.995972
0.995969
0.995966
0.995964
0.995963
0.995962
0.995961
0.995961
0.995961
0.995962
0.995963
0.995964
0.995966
0.995967
0.995968
0.995969
0.995969
0.99597
0.99597
0.99597
0.99597
0.995969
0.995969
0.995968
0.995967
0.995966
0.995964
0.995963
0.995962
0.995961
0.995961
0.995961
0.995962
0.995963
0.995964
0.995966
0.995969
0.995972
0.995976
0.99598
0.995985
0.995991
0.995997
0.996004
0.996011
0.99602
0.996029
0.996038
0.996048
0.996058
0.996068
0.996077
0.996086
0.996094
0.996102
0.996109
0.996116
0.996122
0.996127
0.996132
0.996137
0.996141
0.996144
0.996147
0.996149
0.996151
0.996153
0.996154
0.996154
0.996152
0.996151
0.99615
0.996149
0.996147
0.996144
0.996141
0.996137
0.996133
0.996129
0.996124
0.996118
0.996112
0.996105
0.996098
0.99609
0.996081
0.996072
0.996063
0.996053
0.996042
0.996032
0.996023
0.996014
0.996006
0.995999
0.995993
0.995987
0.995981
0.995976
0.995972
0.995969
0.995966
0.995964
0.995963
0.995962
0.995961
0.995961
0.995962
0.995963
0.995964
0.995966
0.995967
0.995969
0.99597
0.995971
0.995972
0.995972
0.995973
0.995973
0.995973
0.995973
0.995972
0.995972
0.995971
0.99597
0.995969
0.995967
0.995966
0.995964
0.995963
0.995962
0.995961
0.995961
0.995962
0.995963
0.995964
0.995966
0.995969
0.995972
0.995976
0.995981
0.995987
0.995993
0.995999
0.996006
0.996014
0.996023
0.996032
0.996042
0.996053
0.996063
0.996072
0.996081
0.99609
0.996098
0.996105
0.996112
0.996118
0.996124
0.996129
0.996133
0.996137
0.996141
0.996144
0.996147
0.996149
0.99615
0.996151
0.996152
0.996149
0.996148
0.996147
0.996146
0.996144
0.996141
0.996138
0.996134
0.99613
0.996125
0.99612
0.996114
0.996108
0.996101
0.996094
0.996085
0.996077
0.996068
0.996058
0.996047
0.996037
0.996027
0.996018
0.99601
0.996002
0.995995
0.995989
0.995983
0.995978
0.995973
0.99597
0.995967
0.995964
0.995963
0.995962
0.995961
0.995961
0.995962
0.995963
0.995965
0.995967
0.995969
0.99597
0.995971
0.995973
0.995974
0.995974
0.995975
0.995976
0.995976
0.995976
0.995976
0.995975
0.995974
0.995974
0.995973
0.995971
0.99597
0.995969
0.995967
0.995965
0.995963
0.995962
0.995961
0.995961
0.995962
0.995963
0.995964
0.995967
0.99597
0.995973
0.995978
0.995983
0.995989
0.995995
0.996002
0.99601
0.996018
0.996027
0.996037
0.996047
0.996058
0.996068
0.996077
0.996085
0.996094
0.996101
0.996108
0.996114
0.99612
0.996125
0.99613
0.996134
0.996138
0.996141
0.996144
0.996146
0.996147
0.996148
0.996149
0.996146
0.996146
0.996145
0.996143
0.996141
0.996138
0.996135
0.996132
0.996127
0.996122
0.996117
0.996111
0.996104
0.996097
0.99609
0.996081
0.996072
0.996063
0.996053
0.996042
0.996032
0.996022
0.996013
0.996005
0.995998
0.995991
0.995985
0.99598
0.995975
0.995971
0.995967
0.995965
0.995963
0.995962
0.995961
0.995961
0.995962
0.995963
0.995965
0.995967
0.995969
0.995971
0.995973
0.995974
0.995975
0.995976
0.995977
0.995978
0.995978
0.995978
0.995978
0.995978
0.995978
0.995977
0.995976
0.995975
0.995974
0.995973
0.995971
0.995969
0.995967
0.995965
0.995963
0.995962
0.995961
0.995961
0.995962
0.995963
0.995965
0.995967
0.995971
0.995975
0.99598
0.995985
0.995991
0.995998
0.996005
0.996013
0.996022
0.996032
0.996042
0.996053
0.996063
0.996072
0.996081
0.99609
0.996097
0.996104
0.996111
0.996117
0.996122
0.996127
0.996132
0.996135
0.996138
0.996141
0.996143
0.996145
0.996146
0.996146
0.996144
0.996144
0.996142
0.996141
0.996139
0.996136
0.996133
0.996129
0.996124
0.996119
0.996114
0.996108
0.996101
0.996094
0.996086
0.996077
0.996068
0.996058
0.996048
0.996037
0.996027
0.996018
0.996009
0.996001
0.995994
0.995988
0.995982
0.995977
0.995972
0.995969
0.995966
0.995963
0.995962
0.995961
0.995961
0.995962
0.995963
0.995965
0.995967
0.99597
0.995972
0.995974
0.995975
0.995977
0.995978
0.995979
0.99598
0.99598
0.995981
0.995981
0.995981
0.995981
0.99598
0.99598
0.995979
0.995978
0.995977
0.995975
0.995974
0.995972
0.99597
0.995967
0.995965
0.995963
0.995962
0.995961
0.995961
0.995962
0.995963
0.995966
0.995969
0.995972
0.995977
0.995982
0.995988
0.995994
0.996001
0.996009
0.996018
0.996027
0.996037
0.996048
0.996058
0.996068
0.996077
0.996086
0.996094
0.996101
0.996108
0.996114
0.996119
0.996124
0.996129
0.996133
0.996136
0.996139
0.996141
0.996142
0.996144
0.996144
0.996142
0.996141
0.99614
0.996139
0.996136
0.996134
0.99613
0.996126
0.996122
0.996117
0.996111
0.996105
0.996098
0.996091
0.996082
0.996074
0.996064
0.996054
0.996043
0.996033
0.996023
0.996014
0.996006
0.995998
0.995991
0.995985
0.995979
0.995974
0.99597
0.995967
0.995964
0.995962
0.995961
0.995961
0.995961
0.995963
0.995965
0.995967
0.99597
0.995972
0.995974
0.995976
0.995977
0.995979
0.99598
0.995981
0.995982
0.995982
0.995983
0.995983
0.995983
0.995983
0.995982
0.995982
0.995981
0.99598
0.995979
0.995977
0.995976
0.995974
0.995972
0.99597
0.995967
0.995965
0.995963
0.995961
0.995961
0.995961
0.995962
0.995964
0.995967
0.99597
0.995974
0.995979
0.995985
0.995991
0.995998
0.996006
0.996014
0.996023
0.996033
0.996043
0.996054
0.996064
0.996074
0.996082
0.996091
0.996098
0.996105
0.996111
0.996117
0.996122
0.996126
0.99613
0.996134
0.996136
0.996139
0.99614
0.996141
0.996142
0.99614
0.996139
0.996138
0.996136
0.996134
0.996131
0.996128
0.996124
0.996119
0.996114
0.996109
0.996102
0.996095
0.996087
0.996079
0.99607
0.996061
0.99605
0.996039
0.996029
0.996019
0.99601
0.996002
0.995995
0.995988
0.995982
0.995976
0.995972
0.995968
0.995965
0.995963
0.995961
0.995961
0.995961
0.995962
0.995964
0.995967
0.995969
0.995972
0.995974
0.995976
0.995978
0.995979
0.995981
0.995982
0.995983
0.995984
0.995984
0.995985
0.995985
0.995985
0.995985
0.995984
0.995984
0.995983
0.995982
0.995981
0.995979
0.995978
0.995976
0.995974
0.995972
0.995969
0.995967
0.995964
0.995962
0.995961
0.995961
0.995961
0.995963
0.995965
0.995968
0.995972
0.995976
0.995982
0.995988
0.995995
0.996002
0.99601
0.996019
0.996029
0.996039
0.99605
0.996061
0.99607
0.996079
0.996087
0.996095
0.996102
0.996109
0.996114
0.996119
0.996124
0.996128
0.996131
0.996134
0.996136
0.996138
0.996139
0.99614
0.996138
0.996137
0.996136
0.996135
0.996132
0.996129
0.996126
0.996122
0.996117
0.996112
0.996106
0.9961
0.996092
0.996085
0.996076
0.996067
0.996057
0.996047
0.996036
0.996026
0.996016
0.996007
0.995999
0.995992
0.995985
0.995979
0.995974
0.99597
0.995967
0.995964
0.995962
0.995961
0.995961
0.995962
0.995963
0.995966
0.995969
0.995971
0.995974
0.995976
0.995978
0.99598
0.995981
0.995983
0.995984
0.995985
0.995986
0.995986
0.995987
0.995987
0.995987
0.995987
0.995986
0.995986
0.995985
0.995984
0.995983
0.995981
0.99598
0.995978
0.995976
0.995974
0.995971
0.995969
0.995966
0.995963
0.995962
0.995961
0.995961
0.995962
0.995964
0.995967
0.99597
0.995974
0.995979
0.995985
0.995992
0.995999
0.996007
0.996016
0.996026
0.996036
0.996047
0.996057
0.996067
0.996076
0.996085
0.996092
0.9961
0.996106
0.996112
0.996117
0.996122
0.996126
0.996129
0.996132
0.996135
0.996136
0.996137
0.996138
0.996136
0.996136
0.996135
0.996133
0.99613
0.996128
0.996124
0.99612
0.996115
0.99611
0.996104
0.996097
0.99609
0.996082
0.996074
0.996064
0.996054
0.996043
0.996033
0.996023
0.996013
0.996005
0.995997
0.99599
0.995983
0.995977
0.995973
0.995968
0.995965
0.995963
0.995961
0.995961
0.995961
0.995962
0.995964
0.995967
0.99597
0.995973
0.995975
0.995977
0.995979
0.995981
0.995983
0.995984
0.995985
0.995986
0.995987
0.995988
0.995988
0.995988
0.995988
0.995988
0.995988
0.995987
0.995986
0.995985
0.995984
0.995983
0.995981
0.995979
0.995977
0.995975
0.995973
0.99597
0.995967
0.995964
0.995962
0.995961
0.995961
0.995961
0.995963
0.995965
0.995968
0.995973
0.995977
0.995983
0.99599
0.995997
0.996005
0.996013
0.996023
0.996033
0.996043
0.996054
0.996064
0.996074
0.996082
0.99609
0.996097
0.996104
0.99611
0.996115
0.99612
0.996124
0.996128
0.99613
0.996133
0.996135
0.996136
0.996136
0.996135
0.996134
0.996133
0.996131
0.996129
0.996126
0.996122
0.996118
0.996113
0.996108
0.996102
0.996095
0.996088
0.99608
0.996071
0.996062
0.996052
0.99604
0.99603
0.99602
0.996011
0.996002
0.995995
0.995987
0.995981
0.995976
0.995971
0.995967
0.995964
0.995962
0.995961
0.995961
0.995961
0.995963
0.995966
0.995969
0.995971
0.995974
0.995977
0.995979
0.995981
0.995983
0.995984
0.995986
0.995987
0.995988
0.995989
0.995989
0.99599
0.99599
0.99599
0.99599
0.995989
0.995989
0.995988
0.995987
0.995986
0.995984
0.995983
0.995981
0.995979
0.995977
0.995974
0.995971
0.995969
0.995966
0.995963
0.995961
0.995961
0.995961
0.995962
0.995964
0.995967
0.995971
0.995976
0.995981
0.995987
0.995995
0.996002
0.996011
0.99602
0.99603
0.99604
0.996052
0.996062
0.996071
0.99608
0.996088
0.996095
0.996102
0.996108
0.996113
0.996118
0.996122
0.996126
0.996129
0.996131
0.996133
0.996134
0.996135
0.996133
0.996133
0.996132
0.99613
0.996128
0.996125
0.996121
0.996117
0.996112
0.996106
0.9961
0.996094
0.996086
0.996078
0.996069
0.99606
0.996049
0.996038
0.996028
0.996018
0.996009
0.996
0.995993
0.995986
0.99598
0.995974
0.99597
0.995966
0.995963
0.995961
0.995961
0.995961
0.995962
0.995964
0.995967
0.99597
0.995973
0.995975
0.995978
0.99598
0.995982
0.995984
0.995985
0.995987
0.995988
0.995989
0.99599
0.99599
0.995991
0.995991
0.995991
0.995991
0.99599
0.99599
0.995989
0.995988
0.995987
0.995985
0.995984
0.995982
0.99598
0.995978
0.995975
0.995973
0.99597
0.995967
0.995964
0.995962
0.995961
0.995961
0.995961
0.995963
0.995966
0.99597
0.995974
0.99598
0.995986
0.995993
0.996
0.996009
0.996018
0.996028
0.996038
0.996049
0.99606
0.996069
0.996078
0.996086
0.996094
0.9961
0.996106
0.996112
0.996117
0.996121
0.996125
0.996128
0.99613
0.996132
0.996133
0.996133
0.996132
0.996132
0.996131
0.996129
0.996126
0.996123
0.99612
0.996116
0.996111
0.996105
0.996099
0.996092
0.996085
0.996076
0.996068
0.996058
0.996048
0.996036
0.996026
0.996016
0.996007
0.995999
0.995991
0.995984
0.995978
0.995973
0.995969
0.995965
0.995963
0.995961
0.99596
0.995961
0.995962
0.995964
0.995968
0.995971
0.995974
0.995976
0.995979
0.995981
0.995983
0.995985
0.995986
0.995988
0.995989
0.99599
0.995991
0.995991
0.995992
0.995992
0.995992
0.995992
0.995991
0.995991
0.99599
0.995989
0.995988
0.995986
0.995985
0.995983
0.995981
0.995979
0.995976
0.995974
0.995971
0.995968
0.995964
0.995962
0.995961
0.99596
0.995961
0.995963
0.995965
0.995969
0.995973
0.995978
0.995984
0.995991
0.995999
0.996007
0.996016
0.996026
0.996036
0.996048
0.996058
0.996068
0.996076
0.996085
0.996092
0.996099
0.996105
0.996111
0.996116
0.99612
0.996123
0.996126
0.996129
0.996131
0.996132
0.996132
0.996132
0.996131
0.99613
0.996128
0.996125
0.996122
0.996119
0.996115
0.99611
0.996104
0.996098
0.996091
0.996083
0.996075
0.996066
0.996057
0.996046
0.996035
0.996024
0.996015
0.996006
0.995997
0.99599
0.995983
0.995977
0.995972
0.995968
0.995965
0.995962
0.995961
0.99596
0.995961
0.995963
0.995965
0.995969
0.995972
0.995974
0.995977
0.99598
0.995982
0.995984
0.995986
0.995987
0.995989
0.99599
0.995991
0.995992
0.995992
0.995993
0.995993
0.995993
0.995993
0.995992
0.995992
0.995991
0.99599
0.995989
0.995987
0.995986
0.995984
0.995982
0.99598
0.995977
0.995974
0.995972
0.995969
0.995965
0.995963
0.995961
0.99596
0.995961
0.995962
0.995965
0.995968
0.995972
0.995977
0.995983
0.99599
0.995997
0.996006
0.996015
0.996024
0.996035
0.996046
0.996057
0.996066
0.996075
0.996083
0.996091
0.996098
0.996104
0.99611
0.996115
0.996119
0.996122
0.996125
0.996128
0.99613
0.996131
0.996132
0.996131
0.99613
0.996129
0.996127
0.996125
0.996122
0.996118
0.996114
0.996109
0.996103
0.996097
0.99609
0.996083
0.996074
0.996065
0.996055
0.996045
0.996034
0.996023
0.996014
0.996005
0.995996
0.995989
0.995982
0.995977
0.995972
0.995967
0.995964
0.995962
0.995961
0.99596
0.995961
0.995963
0.995966
0.995969
0.995972
0.995975
0.995978
0.99598
0.995982
0.995984
0.995986
0.995988
0.995989
0.99599
0.995991
0.995992
0.995993
0.995993
0.995993
0.995993
0.995993
0.995993
0.995992
0.995991
0.99599
0.995989
0.995988
0.995986
0.995984
0.995982
0.99598
0.995978
0.995975
0.995972
0.995969
0.995966
0.995963
0.995961
0.99596
0.995961
0.995962
0.995964
0.995967
0.995972
0.995977
0.995982
0.995989
0.995996
0.996005
0.996014
0.996023
0.996034
0.996045
0.996055
0.996065
0.996074
0.996083
0.99609
0.996097
0.996103
0.996109
0.996114
0.996118
0.996122
0.996125
0.996127
0.996129
0.99613
0.996131
0.99613
0.99613
0.996129
0.996127
0.996124
0.996121
0.996118
0.996113
0.996108
0.996103
0.996096
0.99609
0.996082
0.996074
0.996065
0.996055
0.996044
0.996033
0.996023
0.996013
0.996004
0.995996
0.995988
0.995982
0.995976
0.995971
0.995967
0.995964
0.995962
0.99596
0.99596
0.995961
0.995963
0.995967
0.99597
0.995973
0.995976
0.995978
0.995981
0.995983
0.995985
0.995987
0.995988
0.99599
0.995991
0.995992
0.995993
0.995993
0.995994
0.995994
0.995994
0.995994
0.995993
0.995993
0.995992
0.995991
0.99599
0.995988
0.995987
0.995985
0.995983
0.995981
0.995978
0.995976
0.995973
0.99597
0.995967
0.995963
0.995961
0.99596
0.99596
0.995962
0.995964
0.995967
0.995971
0.995976
0.995982
0.995988
0.995996
0.996004
0.996013
0.996023
0.996033
0.996044
0.996055
0.996065
0.996074
0.996082
0.99609
0.996096
0.996103
0.996108
0.996113
0.996118
0.996121
0.996124
0.996127
0.996129
0.99613
0.99613
0.99613
0.99613
0.996128
0.996127
0.996124
0.996121
0.996117
0.996113
0.996108
0.996102
0.996096
0.996089
0.996082
0.996073
0.996064
0.996054
0.996044
0.996033
0.996022
0.996013
0.996004
0.995996
0.995988
0.995982
0.995976
0.995971
0.995967
0.995964
0.995962
0.99596
0.99596
0.995961
0.995963
0.995967
0.99597
0.995973
0.995976
0.995978
0.995981
0.995983
0.995985
0.995987
0.995988
0.99599
0.995991
0.995992
0.995993
0.995993
0.995994
0.995994
0.995994
0.995994
0.995993
0.995993
0.995992
0.995991
0.99599
0.995988
0.995987
0.995985
0.995983
0.995981
0.995978
0.995976
0.995973
0.99597
0.995967
0.995963
0.995961
0.99596
0.99596
0.995962
0.995964
0.995967
0.995971
0.995976
0.995982
0.995988
0.995996
0.996004
0.996013
0.996022
0.996033
0.996044
0.996054
0.996064
0.996073
0.996082
0.996089
0.996096
0.996102
0.996108
0.996113
0.996117
0.996121
0.996124
0.996127
0.996128
0.99613
0.99613
0.99613
0.99613
0.996128
0.996127
0.996124
0.996121
0.996117
0.996113
0.996108
0.996102
0.996096
0.996089
0.996082
0.996073
0.996064
0.996054
0.996044
0.996033
0.996022
0.996013
0.996004
0.995996
0.995988
0.995982
0.995976
0.995971
0.995967
0.995964
0.995962
0.99596
0.99596
0.995961
0.995963
0.995967
0.99597
0.995973
0.995976
0.995978
0.995981
0.995983
0.995985
0.995987
0.995988
0.99599
0.995991
0.995992
0.995993
0.995993
0.995994
0.995994
0.995994
0.995994
0.995993
0.995993
0.995992
0.995991
0.99599
0.995988
0.995987
0.995985
0.995983
0.995981
0.995978
0.995976
0.995973
0.99597
0.995967
0.995963
0.995961
0.99596
0.99596
0.995962
0.995964
0.995967
0.995971
0.995976
0.995982
0.995988
0.995996
0.996004
0.996013
0.996022
0.996033
0.996044
0.996054
0.996064
0.996073
0.996082
0.996089
0.996096
0.996102
0.996108
0.996113
0.996117
0.996121
0.996124
0.996127
0.996128
0.99613
0.99613
0.99613
0.99613
0.996129
0.996127
0.996124
0.996121
0.996118
0.996113
0.996108
0.996103
0.996096
0.99609
0.996082
0.996074
0.996065
0.996055
0.996044
0.996033
0.996023
0.996013
0.996004
0.995996
0.995988
0.995982
0.995976
0.995971
0.995967
0.995964
0.995962
0.99596
0.99596
0.995961
0.995963
0.995967
0.99597
0.995973
0.995976
0.995978
0.995981
0.995983
0.995985
0.995987
0.995988
0.99599
0.995991
0.995992
0.995993
0.995993
0.995994
0.995994
0.995994
0.995994
0.995993
0.995993
0.995992
0.995991
0.99599
0.995988
0.995987
0.995985
0.995983
0.995981
0.995978
0.995976
0.995973
0.99597
0.995967
0.995963
0.995961
0.99596
0.99596
0.995962
0.995964
0.995967
0.995971
0.995976
0.995982
0.995988
0.995996
0.996004
0.996013
0.996023
0.996033
0.996044
0.996055
0.996065
0.996074
0.996082
0.99609
0.996096
0.996103
0.996108
0.996113
0.996118
0.996121
0.996124
0.996127
0.996129
0.99613
0.99613
0.996131
0.99613
0.996129
0.996127
0.996125
0.996122
0.996118
0.996114
0.996109
0.996103
0.996097
0.99609
0.996083
0.996074
0.996065
0.996055
0.996045
0.996034
0.996023
0.996014
0.996005
0.995996
0.995989
0.995982
0.995977
0.995972
0.995967
0.995964
0.995962
0.995961
0.99596
0.995961
0.995963
0.995966
0.995969
0.995972
0.995975
0.995978
0.99598
0.995982
0.995984
0.995986
0.995988
0.995989
0.99599
0.995991
0.995992
0.995993
0.995993
0.995993
0.995993
0.995993
0.995993
0.995992
0.995991
0.99599
0.995989
0.995988
0.995986
0.995984
0.995982
0.99598
0.995978
0.995975
0.995972
0.995969
0.995966
0.995963
0.995961
0.99596
0.995961
0.995962
0.995964
0.995967
0.995972
0.995977
0.995982
0.995989
0.995996
0.996005
0.996014
0.996023
0.996034
0.996045
0.996055
0.996065
0.996074
0.996083
0.99609
0.996097
0.996103
0.996109
0.996114
0.996118
0.996122
0.996125
0.996127
0.996129
0.99613
0.996131
0.996132
0.996131
0.99613
0.996128
0.996125
0.996122
0.996119
0.996115
0.99611
0.996104
0.996098
0.996091
0.996083
0.996075
0.996066
0.996057
0.996046
0.996035
0.996024
0.996015
0.996006
0.995997
0.99599
0.995983
0.995977
0.995972
0.995968
0.995965
0.995962
0.995961
0.99596
0.995961
0.995963
0.995965
0.995969
0.995972
0.995974
0.995977
0.99598
0.995982
0.995984
0.995986
0.995987
0.995989
0.99599
0.995991
0.995992
0.995992
0.995993
0.995993
0.995993
0.995993
0.995992
0.995992
0.995991
0.99599
0.995989
0.995987
0.995986
0.995984
0.995982
0.99598
0.995977
0.995974
0.995972
0.995969
0.995965
0.995963
0.995961
0.99596
0.995961
0.995962
0.995965
0.995968
0.995972
0.995977
0.995983
0.99599
0.995997
0.996006
0.996015
0.996024
0.996035
0.996046
0.996057
0.996066
0.996075
0.996083
0.996091
0.996098
0.996104
0.99611
0.996115
0.996119
0.996122
0.996125
0.996128
0.99613
0.996131
0.996132
0.996132
0.996132
0.996131
0.996129
0.996126
0.996123
0.99612
0.996116
0.996111
0.996105
0.996099
0.996092
0.996085
0.996076
0.996068
0.996058
0.996048
0.996036
0.996026
0.996016
0.996007
0.995999
0.995991
0.995984
0.995978
0.995973
0.995969
0.995965
0.995963
0.995961
0.99596
0.995961
0.995962
0.995964
0.995968
0.995971
0.995974
0.995976
0.995979
0.995981
0.995983
0.995985
0.995986
0.995988
0.995989
0.99599
0.995991
0.995991
0.995992
0.995992
0.995992
0.995992
0.995991
0.995991
0.99599
0.995989
0.995988
0.995986
0.995985
0.995983
0.995981
0.995979
0.995976
0.995974
0.995971
0.995968
0.995964
0.995962
0.995961
0.99596
0.995961
0.995963
0.995965
0.995969
0.995973
0.995978
0.995984
0.995991
0.995999
0.996007
0.996016
0.996026
0.996036
0.996048
0.996058
0.996068
0.996076
0.996085
0.996092
0.996099
0.996105
0.996111
0.996116
0.99612
0.996123
0.996126
0.996129
0.996131
0.996132
0.996132
0.996133
0.996133
0.996132
0.99613
0.996128
0.996125
0.996121
0.996117
0.996112
0.996106
0.9961
0.996094
0.996086
0.996078
0.996069
0.99606
0.996049
0.996038
0.996028
0.996018
0.996009
0.996
0.995993
0.995986
0.99598
0.995974
0.99597
0.995966
0.995963
0.995961
0.995961
0.995961
0.995962
0.995964
0.995967
0.99597
0.995973
0.995975
0.995978
0.99598
0.995982
0.995984
0.995985
0.995987
0.995988
0.995989
0.99599
0.99599
0.995991
0.995991
0.995991
0.995991
0.99599
0.99599
0.995989
0.995988
0.995987
0.995985
0.995984
0.995982
0.99598
0.995978
0.995975
0.995973
0.99597
0.995967
0.995964
0.995962
0.995961
0.995961
0.995961
0.995963
0.995966
0.99597
0.995974
0.99598
0.995986
0.995993
0.996
0.996009
0.996018
0.996028
0.996038
0.996049
0.99606
0.996069
0.996078
0.996086
0.996094
0.9961
0.996106
0.996112
0.996117
0.996121
0.996125
0.996128
0.99613
0.996132
0.996133
0.996133
0.996135
0.996134
0.996133
0.996131
0.996129
0.996126
0.996122
0.996118
0.996113
0.996108
0.996102
0.996095
0.996088
0.99608
0.996071
0.996062
0.996052
0.99604
0.99603
0.99602
0.996011
0.996002
0.995995
0.995987
0.995981
0.995976
0.995971
0.995967
0.995964
0.995962
0.995961
0.995961
0.995961
0.995963
0.995966
0.995969
0.995971
0.995974
0.995977
0.995979
0.995981
0.995983
0.995984
0.995986
0.995987
0.995988
0.995989
0.995989
0.99599
0.99599
0.99599
0.99599
0.995989
0.995989
0.995988
0.995987
0.995986
0.995984
0.995983
0.995981
0.995979
0.995977
0.995974
0.995971
0.995969
0.995966
0.995963
0.995961
0.995961
0.995961
0.995962
0.995964
0.995967
0.995971
0.995976
0.995981
0.995987
0.995995
0.996002
0.996011
0.99602
0.99603
0.99604
0.996052
0.996062
0.996071
0.99608
0.996088
0.996095
0.996102
0.996108
0.996113
0.996118
0.996122
0.996126
0.996129
0.996131
0.996133
0.996134
0.996135
0.996136
0.996136
0.996135
0.996133
0.99613
0.996128
0.996124
0.99612
0.996115
0.99611
0.996104
0.996097
0.99609
0.996082
0.996074
0.996064
0.996054
0.996043
0.996033
0.996023
0.996013
0.996005
0.995997
0.99599
0.995983
0.995977
0.995973
0.995968
0.995965
0.995963
0.995961
0.995961
0.995961
0.995962
0.995964
0.995967
0.99597
0.995973
0.995975
0.995977
0.995979
0.995981
0.995983
0.995984
0.995985
0.995986
0.995987
0.995988
0.995988
0.995988
0.995988
0.995988
0.995988
0.995987
0.995986
0.995985
0.995984
0.995983
0.995981
0.995979
0.995977
0.995975
0.995973
0.99597
0.995967
0.995964
0.995962
0.995961
0.995961
0.995961
0.995963
0.995965
0.995968
0.995973
0.995977
0.995983
0.99599
0.995997
0.996005
0.996013
0.996023
0.996033
0.996043
0.996054
0.996064
0.996074
0.996082
0.99609
0.996097
0.996104
0.99611
0.996115
0.99612
0.996124
0.996128
0.99613
0.996133
0.996135
0.996136
0.996136
0.996138
0.996137
0.996136
0.996135
0.996132
0.996129
0.996126
0.996122
0.996117
0.996112
0.996106
0.9961
0.996092
0.996085
0.996076
0.996067
0.996057
0.996047
0.996036
0.996026
0.996016
0.996007
0.995999
0.995992
0.995985
0.995979
0.995974
0.99597
0.995967
0.995964
0.995962
0.995961
0.995961
0.995962
0.995963
0.995966
0.995969
0.995971
0.995974
0.995976
0.995978
0.99598
0.995981
0.995983
0.995984
0.995985
0.995986
0.995986
0.995987
0.995987
0.995987
0.995987
0.995986
0.995986
0.995985
0.995984
0.995983
0.995981
0.99598
0.995978
0.995976
0.995974
0.995971
0.995969
0.995966
0.995963
0.995962
0.995961
0.995961
0.995962
0.995964
0.995967
0.99597
0.995974
0.995979
0.995985
0.995992
0.995999
0.996007
0.996016
0.996026
0.996036
0.996047
0.996057
0.996067
0.996076
0.996085
0.996092
0.9961
0.996106
0.996112
0.996117
0.996122
0.996126
0.996129
0.996132
0.996135
0.996136
0.996137
0.996138
0.99614
0.996139
0.996138
0.996136
0.996134
0.996131
0.996128
0.996124
0.996119
0.996114
0.996109
0.996102
0.996095
0.996087
0.996079
0.99607
0.996061
0.99605
0.996039
0.996029
0.996019
0.99601
0.996002
0.995995
0.995988
0.995982
0.995976
0.995972
0.995968
0.995965
0.995963
0.995961
0.995961
0.995961
0.995962
0.995964
0.995967
0.995969
0.995972
0.995974
0.995976
0.995978
0.995979
0.995981
0.995982
0.995983
0.995984
0.995984
0.995985
0.995985
0.995985
0.995985
0.995984
0.995984
0.995983
0.995982
0.995981
0.995979
0.995978
0.995976
0.995974
0.995972
0.995969
0.995967
0.995964
0.995962
0.995961
0.995961
0.995961
0.995963
0.995965
0.995968
0.995972
0.995976
0.995982
0.995988
0.995995
0.996002
0.99601
0.996019
0.996029
0.996039
0.99605
0.996061
0.99607
0.996079
0.996087
0.996095
0.996102
0.996109
0.996114
0.996119
0.996124
0.996128
0.996131
0.996134
0.996136
0.996138
0.996139
0.99614
0.996142
0.996141
0.99614
0.996139
0.996136
0.996134
0.99613
0.996126
0.996122
0.996117
0.996111
0.996105
0.996098
0.996091
0.996082
0.996074
0.996064
0.996054
0.996043
0.996033
0.996023
0.996014
0.996006
0.995998
0.995991
0.995985
0.995979
0.995974
0.99597
0.995967
0.995964
0.995962
0.995961
0.995961
0.995961
0.995963
0.995965
0.995967
0.99597
0.995972
0.995974
0.995976
0.995977
0.995979
0.99598
0.995981
0.995982
0.995982
0.995983
0.995983
0.995983
0.995983
0.995982
0.995982
0.995981
0.99598
0.995979
0.995977
0.995976
0.995974
0.995972
0.99597
0.995967
0.995965
0.995963
0.995961
0.995961
0.995961
0.995962
0.995964
0.995967
0.99597
0.995974
0.995979
0.995985
0.995991
0.995998
0.996006
0.996014
0.996023
0.996033
0.996043
0.996054
0.996064
0.996074
0.996082
0.996091
0.996098
0.996105
0.996111
0.996117
0.996122
0.996126
0.99613
0.996134
0.996136
0.996139
0.99614
0.996141
0.996142
0.996144
0.996144
0.996142
0.996141
0.996139
0.996136
0.996133
0.996129
0.996124
0.996119
0.996114
0.996108
0.996101
0.996094
0.996086
0.996077
0.996068
0.996058
0.996048
0.996037
0.996027
0.996018
0.996009
0.996001
0.995994
0.995988
0.995982
0.995977
0.995972
0.995969
0.995966
0.995963
0.995962
0.995961
0.995961
0.995962
0.995963
0.995965
0.995967
0.99597
0.995972
0.995974
0.995975
0.995977
0.995978
0.995979
0.99598
0.99598
0.995981
0.995981
0.995981
0.995981
0.99598
0.99598
0.995979
0.995978
0.995977
0.995975
0.995974
0.995972
0.99597
0.995967
0.995965
0.995963
0.995962
0.995961
0.995961
0.995962
0.995963
0.995966
0.995969
0.995972
0.995977
0.995982
0.995988
0.995994
0.996001
0.996009
0.996018
0.996027
0.996037
0.996048
0.996058
0.996068
0.996077
0.996086
0.996094
0.996101
0.996108
0.996114
0.996119
0.996124
0.996129
0.996133
0.996136
0.996139
0.996141
0.996142
0.996144
0.996144
0.996146
0.996146
0.996145
0.996143
0.996141
0.996138
0.996135
0.996132
0.996127
0.996122
0.996117
0.996111
0.996104
0.996097
0.99609
0.996081
0.996072
0.996063
0.996053
0.996042
0.996032
0.996022
0.996013
0.996005
0.995998
0.995991
0.995985
0.99598
0.995975
0.995971
0.995967
0.995965
0.995963
0.995962
0.995961
0.995961
0.995962
0.995963
0.995965
0.995967
0.995969
0.995971
0.995973
0.995974
0.995975
0.995976
0.995977
0.995978
0.995978
0.995978
0.995978
0.995978
0.995978
0.995977
0.995976
0.995975
0.995974
0.995973
0.995971
0.995969
0.995967
0.995965
0.995963
0.995962
0.995961
0.995961
0.995962
0.995963
0.995965
0.995967
0.995971
0.995975
0.99598
0.995985
0.995991
0.995998
0.996005
0.996013
0.996022
0.996032
0.996042
0.996053
0.996063
0.996072
0.996081
0.99609
0.996097
0.996104
0.996111
0.996117
0.996122
0.996127
0.996132
0.996135
0.996138
0.996141
0.996143
0.996145
0.996146
0.996146
0.996149
0.996148
0.996147
0.996146
0.996144
0.996141
0.996138
0.996134
0.99613
0.996125
0.99612
0.996114
0.996108
0.996101
0.996094
0.996085
0.996077
0.996068
0.996058
0.996047
0.996037
0.996027
0.996018
0.99601
0.996002
0.995995
0.995989
0.995983
0.995978
0.995973
0.99597
0.995967
0.995964
0.995963
0.995962
0.995961
0.995961
0.995962
0.995963
0.995965
0.995967
0.995969
0.99597
0.995971
0.995973
0.995974
0.995974
0.995975
0.995976
0.995976
0.995976
0.995976
0.995975
0.995974
0.995974
0.995973
0.995971
0.99597
0.995969
0.995967
0.995965
0.995963
0.995962
0.995961
0.995961
0.995962
0.995963
0.995964
0.995967
0.99597
0.995973
0.995978
0.995983
0.995989
0.995995
0.996002
0.99601
0.996018
0.996027
0.996037
0.996047
0.996058
0.996068
0.996077
0.996085
0.996094
0.996101
0.996108
0.996114
0.99612
0.996125
0.99613
0.996134
0.996138
0.996141
0.996144
0.996146
0.996147
0.996148
0.996149
0.996152
0.996151
0.99615
0.996149
0.996147
0.996144
0.996141
0.996137
0.996133
0.996129
0.996124
0.996118
0.996112
0.996105
0.996098
0.99609
0.996081
0.996072
0.996063
0.996053
0.996042
0.996032
0.996023
0.996014
0.996006
0.995999
0.995993
0.995987
0.995981
0.995976
0.995972
0.995969
0.995966
0.995964
0.995963
0.995962
0.995961
0.995961
0.995962
0.995963
0.995964
0.995966
0.995967
0.995969
0.99597
0.995971
0.995972
0.995972
0.995973
0.995973
0.995973
0.995973
0.995972
0.995972
0.995971
0.99597
0.995969
0.995967
0.995966
0.995964
0.995963
0.995962
0.995961
0.995961
0.995962
0.995963
0.995964
0.995966
0.995969
0.995972
0.995976
0.995981
0.995987
0.995993
0.995999
0.996006
0.996014
0.996023
0.996032
0.996042
0.996053
0.996063
0.996072
0.996081
0.99609
0.996098
0.996105
0.996112
0.996118
0.996124
0.996129
0.996133
0.996137
0.996141
0.996144
0.996147
0.996149
0.99615
0.996151
0.996152
0.996154
0.996154
0.996153
0.996151
0.996149
0.996147
0.996144
0.996141
0.996137
0.996132
0.996127
0.996122
0.996116
0.996109
0.996102
0.996094
0.996086
0.996077
0.996068
0.996058
0.996048
0.996038
0.996029
0.99602
0.996011
0.996004
0.995997
0.995991
0.995985
0.99598
0.995976
0.995972
0.995969
0.995966
0.995964
0.995963
0.995962
0.995961
0.995961
0.995961
0.995962
0.995963
0.995964
0.995966
0.995967
0.995968
0.995969
0.995969
0.99597
0.99597
0.99597
0.99597
0.995969
0.995969
0.995968
0.995967
0.995966
0.995964
0.995963
0.995962
0.995961
0.995961
0.995961
0.995962
0.995963
0.995964
0.995966
0.995969
0.995972
0.995976
0.99598
0.995985
0.995991
0.995997
0.996004
0.996011
0.99602
0.996029
0.996038
0.996048
0.996058
0.996068
0.996077
0.996086
0.996094
0.996102
0.996109
0.996116
0.996122
0.996127
0.996132
0.996137
0.996141
0.996144
0.996147
0.996149
0.996151
0.996153
0.996154
0.996154
0.996157
0.996157
0.996156
0.996154
0.996152
0.99615
0.996147
0.996144
0.99614
0.996136
0.996131
0.996125
0.99612
0.996113
0.996106
0.996099
0.996091
0.996083
0.996074
0.996064
0.996054
0.996044
0.996034
0.996025
0.996017
0.996009
0.996002
0.995995
0.995989
0.995984
0.995979
0.995975
0.995971
0.995968
0.995966
0.995964
0.995963
0.995962
0.995961
0.995961
0.995961
0.995962
0.995962
0.995963
0.995964
0.995964
0.995965
0.995966
0.995967
0.995967
0.995967
0.995967
0.995966
0.995965
0.995964
0.995964
0.995963
0.995962
0.995962
0.995961
0.995961
0.995961
0.995962
0.995963
0.995964
0.995966
0.995968
0.995971
0.995975
0.995979
0.995984
0.995989
0.995995
0.996002
0.996009
0.996017
0.996025
0.996034
0.996044
0.996054
0.996064
0.996074
0.996083
0.996091
0.996099
0.996106
0.996113
0.99612
0.996125
0.996131
0.996136
0.99614
0.996144
0.996147
0.99615
0.996152
0.996154
0.996156
0.996157
0.996157
0.99616
0.99616
0.996159
0.996157
0.996156
0.996153
0.99615
0.996147
0.996143
0.996139
0.996134
0.996129
0.996124
0.996117
0.996111
0.996104
0.996096
0.996088
0.996079
0.99607
0.996061
0.996051
0.996041
0.996032
0.996023
0.996015
0.996007
0.996
0.995994
0.995988
0.995983
0.995979
0.995975
0.995971
0.995969
0.995966
0.995964
0.995963
0.995962
0.995961
0.995961
0.995961
0.995961
0.995961
0.995962
0.995962
0.995963
0.995963
0.995963
0.995963
0.995963
0.995963
0.995963
0.995963
0.995962
0.995962
0.995961
0.995961
0.995961
0.995961
0.995961
0.995962
0.995963
0.995964
0.995966
0.995969
0.995971
0.995975
0.995979
0.995983
0.995988
0.995994
0.996
0.996007
0.996015
0.996023
0.996032
0.996041
0.996051
0.996061
0.99607
0.996079
0.996088
0.996096
0.996104
0.996111
0.996117
0.996124
0.996129
0.996134
0.996139
0.996143
0.996147
0.99615
0.996153
0.996156
0.996157
0.996159
0.99616
0.99616
0.996163
0.996163
0.996162
0.996161
0.996159
0.996156
0.996154
0.996151
0.996147
0.996143
0.996138
0.996133
0.996128
0.996122
0.996115
0.996109
0.996101
0.996094
0.996085
0.996077
0.996067
0.996058
0.996048
0.996038
0.996029
0.996021
0.996013
0.996006
0.995999
0.995993
0.995988
0.995983
0.995979
0.995975
0.995972
0.995969
0.995967
0.995965
0.995963
0.995962
0.995961
0.995961
0.995961
0.995961
0.995961
0.995961
0.995961
0.995961
0.995961
0.995961
0.995961
0.995961
0.995961
0.995961
0.995961
0.995961
0.995961
0.995961
0.995961
0.995961
0.995962
0.995963
0.995965
0.995967
0.995969
0.995972
0.995975
0.995979
0.995983
0.995988
0.995993
0.995999
0.996006
0.996013
0.996021
0.996029
0.996038
0.996048
0.996058
0.996067
0.996077
0.996085
0.996094
0.996101
0.996109
0.996115
0.996122
0.996128
0.996133
0.996138
0.996143
0.996147
0.996151
0.996154
0.996156
0.996159
0.996161
0.996162
0.996163
0.996163
0.996166
0.996166
0.996165
0.996164
0.996162
0.99616
0.996157
0.996154
0.996151
0.996147
0.996142
0.996137
0.996132
0.996126
0.99612
0.996114
0.996107
0.996099
0.996091
0.996083
0.996074
0.996065
0.996055
0.996046
0.996036
0.996028
0.99602
0.996012
0.996005
0.995999
0.995993
0.995988
0.995983
0.995979
0.995976
0.995972
0.99597
0.995967
0.995966
0.995964
0.995963
0.995962
0.995961
0.995961
0.995961
0.99596
0.99596
0.99596
0.99596
0.99596
0.99596
0.99596
0.99596
0.99596
0.99596
0.995961
0.995961
0.995961
0.995962
0.995963
0.995964
0.995966
0.995967
0.99597
0.995972
0.995976
0.995979
0.995983
0.995988
0.995993
0.995999
0.996005
0.996012
0.99602
0.996028
0.996036
0.996046
0.996055
0.996065
0.996074
0.996083
0.996091
0.996099
0.996107
0.996114
0.99612
0.996126
0.996132
0.996137
0.996142
0.996147
0.996151
0.996154
0.996157
0.99616
0.996162
0.996164
0.996165
0.996166
0.996166
0.99617
0.996169
0.996168
0.996167
0.996165
0.996163
0.996161
0.996158
0.996154
0.99615
0.996146
0.996141
0.996136
0.996131
0.996125
0.996119
0.996112
0.996105
0.996097
0.996089
0.996081
0.996072
0.996063
0.996053
0.996044
0.996035
0.996026
0.996019
0.996012
0.996005
0.995999
0.995993
0.995988
0.995984
0.99598
0.995976
0.995973
0.995971
0.995969
0.995967
0.995965
0.995964
0.995963
0.995962
0.995961
0.995961
0.995961
0.995961
0.99596
0.99596
0.99596
0.99596
0.995961
0.995961
0.995961
0.995961
0.995962
0.995963
0.995964
0.995965
0.995967
0.995969
0.995971
0.995973
0.995976
0.99598
0.995984
0.995988
0.995993
0.995999
0.996005
0.996012
0.996019
0.996026
0.996035
0.996044
0.996053
0.996063
0.996072
0.996081
0.996089
0.996097
0.996105
0.996112
0.996119
0.996125
0.996131
0.996136
0.996141
0.996146
0.99615
0.996154
0.996158
0.996161
0.996163
0.996165
0.996167
0.996168
0.996169
0.99617
0.996173
0.996172
0.996172
0.99617
0.996169
0.996167
0.996164
0.996161
0.996158
0.996154
0.99615
0.996146
0.996141
0.996135
0.99613
0.996124
0.996117
0.99611
0.996103
0.996095
0.996087
0.996079
0.99607
0.996061
0.996051
0.996042
0.996034
0.996026
0.996018
0.996012
0.996005
0.995999
0.995994
0.995989
0.995985
0.995981
0.995978
0.995975
0.995972
0.99597
0.995968
0.995967
0.995965
0.995964
0.995963
0.995963
0.995962
0.995962
0.995962
0.995962
0.995962
0.995962
0.995962
0.995962
0.995963
0.995963
0.995964
0.995965
0.995967
0.995968
0.99597
0.995972
0.995975
0.995978
0.995981
0.995985
0.995989
0.995994
0.995999
0.996005
0.996012
0.996018
0.996026
0.996034
0.996042
0.996051
0.996061
0.99607
0.996079
0.996087
0.996095
0.996103
0.99611
0.996117
0.996124
0.99613
0.996135
0.996141
0.996146
0.99615
0.996154
0.996158
0.996161
0.996164
0.996167
0.996169
0.99617
0.996172
0.996172
0.996173
0.996176
0.996176
0.996175
0.996174
0.996172
0.99617
0.996168
0.996165
0.996162
0.996158
0.996154
0.99615
0.996145
0.99614
0.996135
0.996129
0.996122
0.996116
0.996109
0.996101
0.996094
0.996086
0.996077
0.996069
0.99606
0.99605
0.996042
0.996033
0.996026
0.996019
0.996012
0.996006
0.996
0.995995
0.995991
0.995987
0.995983
0.99598
0.995977
0.995974
0.995972
0.99597
0.995968
0.995967
0.995966
0.995965
0.995965
0.995964
0.995964
0.995964
0.995964
0.995964
0.995964
0.995965
0.995965
0.995966
0.995967
0.995968
0.99597
0.995972
0.995974
0.995977
0.99598
0.995983
0.995987
0.995991
0.995995
0.996
0.996006
0.996012
0.996019
0.996026
0.996033
0.996042
0.99605
0.99606
0.996069
0.996077
0.996086
0.996094
0.996101
0.996109
0.996116
0.996122
0.996129
0.996135
0.99614
0.996145
0.99615
0.996154
0.996158
0.996162
0.996165
0.996168
0.99617
0.996172
0.996174
0.996175
0.996176
0.996176
0.996179
0.996179
0.996178
0.996177
0.996175
0.996174
0.996171
0.996169
0.996165
0.996162
0.996158
0.996154
0.996149
0.996145
0.996139
0.996134
0.996128
0.996121
0.996115
0.996108
0.9961
0.996093
0.996085
0.996076
0.996068
0.996059
0.99605
0.996042
0.996034
0.996026
0.99602
0.996013
0.996007
0.996002
0.995997
0.995993
0.995989
0.995985
0.995982
0.995979
0.995976
0.995974
0.995973
0.995971
0.99597
0.995969
0.995968
0.995967
0.995967
0.995967
0.995967
0.995967
0.995967
0.995968
0.995969
0.99597
0.995971
0.995973
0.995974
0.995976
0.995979
0.995982
0.995985
0.995989
0.995993
0.995997
0.996002
0.996007
0.996013
0.99602
0.996026
0.996034
0.996042
0.99605
0.996059
0.996068
0.996076
0.996085
0.996093
0.9961
0.996108
0.996115
0.996121
0.996128
0.996134
0.996139
0.996145
0.996149
0.996154
0.996158
0.996162
0.996165
0.996169
0.996171
0.996174
0.996175
0.996177
0.996178
0.996179
0.996179
0.996183
0.996182
0.996181
0.99618
0.996179
0.996177
0.996175
0.996172
0.996169
0.996166
0.996162
0.996158
0.996154
0.996149
0.996144
0.996139
0.996133
0.996127
0.99612
0.996114
0.996107
0.996099
0.996092
0.996084
0.996076
0.996068
0.996059
0.99605
0.996042
0.996035
0.996028
0.996021
0.996015
0.996009
0.996004
0.995999
0.995995
0.995991
0.995988
0.995985
0.995982
0.995979
0.995977
0.995976
0.995974
0.995973
0.995972
0.995972
0.995971
0.995971
0.995971
0.995971
0.995972
0.995972
0.995973
0.995974
0.995976
0.995977
0.995979
0.995982
0.995985
0.995988
0.995991
0.995995
0.995999
0.996004
0.996009
0.996015
0.996021
0.996028
0.996035
0.996042
0.99605
0.996059
0.996068
0.996076
0.996084
0.996092
0.996099
0.996107
0.996114
0.99612
0.996127
0.996133
0.996139
0.996144
0.996149
0.996154
0.996158
0.996162
0.996166
0.996169
0.996172
0.996175
0.996177
0.996179
0.99618
0.996181
0.996182
0.996183
0.996186
0.996185
0.996185
0.996184
0.996182
0.99618
0.996178
0.996176
0.996173
0.99617
0.996166
0.996162
0.996158
0.996154
0.996149
0.996144
0.996138
0.996132
0.996126
0.99612
0.996113
0.996106
0.996099
0.996091
0.996084
0.996076
0.996068
0.99606
0.996051
0.996044
0.996036
0.996029
0.996023
0.996017
0.996011
0.996006
0.996002
0.995998
0.995994
0.995991
0.995988
0.995985
0.995983
0.995981
0.99598
0.995978
0.995977
0.995977
0.995976
0.995976
0.995976
0.995976
0.995977
0.995977
0.995978
0.99598
0.995981
0.995983
0.995985
0.995988
0.995991
0.995994
0.995998
0.996002
0.996006
0.996011
0.996017
0.996023
0.996029
0.996036
0.996044
0.996051
0.99606
0.996068
0.996076
0.996084
0.996091
0.996099
0.996106
0.996113
0.99612
0.996126
0.996132
0.996138
0.996144
0.996149
0.996154
0.996158
0.996162
0.996166
0.99617
0.996173
0.996176
0.996178
0.99618
0.996182
0.996184
0.996185
0.996185
0.996186
0.996189
0.996189
0.996188
0.996187
0.996186
0.996184
0.996182
0.996179
0.996177
0.996174
0.99617
0.996166
0.996162
0.996158
0.996153
0.996148
0.996143
0.996138
0.996132
0.996126
0.996119
0.996113
0.996106
0.996099
0.996091
0.996084
0.996076
0.996069
0.996061
0.996053
0.996046
0.996038
0.996032
0.996025
0.99602
0.996014
0.99601
0.996005
0.996001
0.995998
0.995995
0.995992
0.99599
0.995987
0.995986
0.995984
0.995983
0.995982
0.995982
0.995982
0.995982
0.995982
0.995982
0.995983
0.995984
0.995986
0.995987
0.99599
0.995992
0.995995
0.995998
0.996001
0.996005
0.99601
0.996014
0.99602
0.996025
0.996032
0.996038
0.996046
0.996053
0.996061
0.996069
0.996076
0.996084
0.996091
0.996099
0.996106
0.996113
0.996119
0.996126
0.996132
0.996138
0.996143
0.996148
0.996153
0.996158
0.996162
0.996166
0.99617
0.996174
0.996177
0.996179
0.996182
0.996184
0.996186
0.996187
0.996188
0.996189
0.996189
0.996192
0.996192
0.996191
0.99619
0.996189
0.996187
0.996185
0.996183
0.99618
0.996177
0.996174
0.996171
0.996167
0.996162
0.996158
0.996153
0.996148
0.996143
0.996137
0.996131
0.996125
0.996119
0.996112
0.996106
0.996099
0.996092
0.996085
0.996077
0.99607
0.996063
0.996055
0.996048
0.996041
0.996034
0.996029
0.996023
0.996018
0.996013
0.996009
0.996006
0.996002
0.995999
0.995997
0.995995
0.995993
0.995991
0.99599
0.995989
0.995988
0.995988
0.995988
0.995988
0.995989
0.99599
0.995991
0.995993
0.995995
0.995997
0.995999
0.996002
0.996006
0.996009
0.996013
0.996018
0.996023
0.996029
0.996034
0.996041
0.996048
0.996055
0.996063
0.99607
0.996077
0.996085
0.996092
0.996099
0.996106
0.996112
0.996119
0.996125
0.996131
0.996137
0.996143
0.996148
0.996153
0.996158
0.996162
0.996167
0.996171
0.996174
0.996177
0.99618
0.996183
0.996185
0.996187
0.996189
0.99619
0.996191
0.996192
0.996192
0.996195
0.996195
0.996194
0.996193
0.996192
0.996191
0.996189
0.996186
0.996184
0.996181
0.996178
0.996174
0.996171
0.996167
0.996162
0.996158
0.996153
0.996148
0.996143
0.996137
0.996131
0.996125
0.996119
0.996113
0.996106
0.996099
0.996093
0.996086
0.996079
0.996072
0.996065
0.996058
0.996051
0.996044
0.996038
0.996032
0.996027
0.996022
0.996018
0.996014
0.99601
0.996007
0.996005
0.996002
0.996
0.995999
0.995997
0.995996
0.995996
0.995996
0.995996
0.995996
0.995996
0.995997
0.995999
0.996
0.996002
0.996005
0.996007
0.99601
0.996014
0.996018
0.996022
0.996027
0.996032
0.996038
0.996044
0.996051
0.996058
0.996065
0.996072
0.996079
0.996086
0.996093
0.996099
0.996106
0.996113
0.996119
0.996125
0.996131
0.996137
0.996143
0.996148
0.996153
0.996158
0.996162
0.996167
0.996171
0.996174
0.996178
0.996181
0.996184
0.996186
0.996189
0.996191
0.996192
0.996193
0.996194
0.996195
0.996195
0.996198
0.996198
0.996198
0.996197
0.996195
0.996194
0.996192
0.99619
0.996187
0.996185
0.996182
0.996178
0.996175
0.996171
0.996167
0.996162
0.996158
0.996153
0.996148
0.996142
0.996137
0.996131
0.996125
0.996119
0.996113
0.996107
0.9961
0.996094
0.996087
0.996081
0.996074
0.996067
0.996061
0.996054
0.996048
0.996042
0.996037
0.996032
0.996027
0.996023
0.996019
0.996016
0.996013
0.996011
0.996009
0.996007
0.996006
0.996005
0.996004
0.996004
0.996004
0.996004
0.996005
0.996006
0.996007
0.996009
0.996011
0.996013
0.996016
0.996019
0.996023
0.996027
0.996032
0.996037
0.996042
0.996048
0.996054
0.996061
0.996067
0.996074
0.996081
0.996087
0.996094
0.9961
0.996107
0.996113
0.996119
0.996125
0.996131
0.996137
0.996142
0.996148
0.996153
0.996158
0.996162
0.996167
0.996171
0.996175
0.996178
0.996182
0.996185
0.996187
0.99619
0.996192
0.996194
0.996195
0.996197
0.996198
0.996198
0.996198
0.996201
0.996201
0.996201
0.9962
0.996199
0.996197
0.996195
0.996193
0.996191
0.996188
0.996185
0.996182
0.996179
0.996175
0.996171
0.996167
0.996162
0.996158
0.996153
0.996148
0.996142
0.996137
0.996131
0.996126
0.99612
0.996114
0.996108
0.996101
0.996095
0.996089
0.996083
0.996077
0.99607
0.996064
0.996058
0.996053
0.996047
0.996042
0.996037
0.996033
0.996029
0.996026
0.996023
0.99602
0.996018
0.996016
0.996015
0.996014
0.996013
0.996013
0.996013
0.996013
0.996014
0.996015
0.996016
0.996018
0.99602
0.996023
0.996026
0.996029
0.996033
0.996037
0.996042
0.996047
0.996053
0.996058
0.996064
0.99607
0.996077
0.996083
0.996089
0.996095
0.996101
0.996108
0.996114
0.99612
0.996126
0.996131
0.996137
0.996142
0.996148
0.996153
0.996158
0.996162
0.996167
0.996171
0.996175
0.996179
0.996182
0.996185
0.996188
0.996191
0.996193
0.996195
0.996197
0.996199
0.9962
0.996201
0.996201
0.996201
0.996204
0.996204
0.996204
0.996203
0.996202
0.9962
0.996198
0.996196
0.996194
0.996192
0.996189
0.996186
0.996182
0.996179
0.996175
0.996171
0.996167
0.996162
0.996158
0.996153
0.996148
0.996143
0.996137
0.996132
0.996126
0.99612
0.996115
0.996109
0.996103
0.996097
0.996091
0.996085
0.996079
0.996074
0.996068
0.996063
0.996058
0.996053
0.996048
0.996043
0.996039
0.996036
0.996033
0.99603
0.996028
0.996026
0.996024
0.996023
0.996023
0.996022
0.996022
0.996023
0.996023
0.996024
0.996026
0.996028
0.99603
0.996033
0.996036
0.996039
0.996043
0.996048
0.996053
0.996058
0.996063
0.996068
0.996074
0.996079
0.996085
0.996091
0.996097
0.996103
0.996109
0.996115
0.99612
0.996126
0.996132
0.996137
0.996143
0.996148
0.996153
0.996158
0.996162
0.996167
0.996171
0.996175
0.996179
0.996182
0.996186
0.996189
0.996192
0.996194
0.996196
0.996198
0.9962
0.996202
0.996203
0.996204
0.996204
0.996204
0.996207
0.996207
0.996206
0.996206
0.996205
0.996203
0.996201
0.9962
0.996197
0.996195
0.996192
0.996189
0.996186
0.996183
0.996179
0.996175
0.996171
0.996167
0.996162
0.996158
0.996153
0.996148
0.996143
0.996138
0.996132
0.996127
0.996121
0.996116
0.99611
0.996105
0.996099
0.996094
0.996088
0.996083
0.996077
0.996072
0.996068
0.996063
0.996058
0.996054
0.99605
0.996047
0.996043
0.99604
0.996038
0.996036
0.996035
0.996034
0.996033
0.996033
0.996033
0.996033
0.996034
0.996035
0.996036
0.996038
0.99604
0.996043
0.996047
0.99605
0.996054
0.996058
0.996063
0.996068
0.996072
0.996077
0.996083
0.996088
0.996094
0.996099
0.996105
0.99611
0.996116
0.996121
0.996127
0.996132
0.996138
0.996143
0.996148
0.996153
0.996158
0.996162
0.996167
0.996171
0.996175
0.996179
0.996183
0.996186
0.996189
0.996192
0.996195
0.996197
0.9962
0.996201
0.996203
0.996205
0.996206
0.996206
0.996207
0.996207
0.99621
0.99621
0.996209
0.996208
0.996207
0.996206
0.996204
0.996203
0.9962
0.996198
0.996196
0.996193
0.99619
0.996186
0.996183
0.996179
0.996175
0.996171
0.996167
0.996162
0.996158
0.996153
0.996148
0.996143
0.996138
0.996133
0.996128
0.996122
0.996117
0.996112
0.996107
0.996101
0.996096
0.996091
0.996086
0.996081
0.996077
0.996072
0.996068
0.996064
0.996061
0.996057
0.996054
0.996052
0.996049
0.996048
0.996046
0.996045
0.996044
0.996044
0.996044
0.996044
0.996045
0.996046
0.996048
0.996049
0.996052
0.996054
0.996057
0.996061
0.996064
0.996068
0.996072
0.996077
0.996081
0.996086
0.996091
0.996096
0.996101
0.996107
0.996112
0.996117
0.996122
0.996128
0.996133
0.996138
0.996143
0.996148
0.996153
0.996158
0.996162
0.996167
0.996171
0.996175
0.996179
0.996183
0.996186
0.99619
0.996193
0.996196
0.996198
0.9962
0.996203
0.996204
0.996206
0.996207
0.996208
0.996209
0.99621
0.99621
0.996213
0.996212
0.996212
0.996211
0.99621
0.996209
0.996207
0.996205
0.996203
0.996201
0.996199
0.996196
0.996193
0.99619
0.996186
0.996183
0.996179
0.996175
0.996171
0.996167
0.996162
0.996158
0.996153
0.996148
0.996144
0.996139
0.996134
0.996129
0.996124
0.996119
0.996114
0.996109
0.996104
0.996099
0.996094
0.99609
0.996085
0.996081
0.996077
0.996074
0.99607
0.996067
0.996064
0.996062
0.99606
0.996058
0.996057
0.996055
0.996055
0.996054
0.996054
0.996055
0.996055
0.996057
0.996058
0.99606
0.996062
0.996064
0.996067
0.99607
0.996074
0.996077
0.996081
0.996085
0.99609
0.996094
0.996099
0.996104
0.996109
0.996114
0.996119
0.996124
0.996129
0.996134
0.996139
0.996144
0.996148
0.996153
0.996158
0.996162
0.996167
0.996171
0.996175
0.996179
0.996183
0.996186
0.99619
0.996193
0.996196
0.996199
0.996201
0.996203
0.996205
0.996207
0.996209
0.99621
0.996211
0.996212
0.996212
0.996213
0.996215
0.996215
0.996214
0.996214
0.996213
0.996211
0.99621
0.996208
0.996206
0.996204
0.996202
0.996199
0.996196
0.996193
0.99619
0.996186
0.996183
0.996179
0.996175
0.996171
0.996167
0.996162
0.996158
0.996153
0.996149
0.996144
0.996139
0.996135
0.99613
0.996125
0.99612
0.996115
0.996111
0.996106
0.996102
0.996098
0.996094
0.99609
0.996086
0.996082
0.996079
0.996076
0.996074
0.996071
0.996069
0.996068
0.996066
0.996065
0.996065
0.996064
0.996064
0.996065
0.996065
0.996066
0.996068
0.996069
0.996071
0.996074
0.996076
0.996079
0.996082
0.996086
0.99609
0.996094
0.996098
0.996102
0.996106
0.996111
0.996115
0.99612
0.996125
0.99613
0.996135
0.996139
0.996144
0.996149
0.996153
0.996158
0.996162
0.996167
0.996171
0.996175
0.996179
0.996183
0.996186
0.99619
0.996193
0.996196
0.996199
0.996202
0.996204
0.996206
0.996208
0.99621
0.996211
0.996213
0.996214
0.996214
0.996215
0.996215
0.996218
0.996217
0.996217
0.996216
0.996215
0.996214
0.996212
0.996211
0.996209
0.996207
0.996205
0.996202
0.996199
0.996196
0.996193
0.99619
0.996186
0.996183
0.996179
0.996175
0.996171
0.996167
0.996162
0.996158
0.996154
0.996149
0.996145
0.99614
0.996135
0.996131
0.996126
0.996122
0.996117
0.996113
0.996109
0.996105
0.996101
0.996097
0.996094
0.996091
0.996087
0.996085
0.996082
0.99608
0.996078
0.996076
0.996075
0.996074
0.996074
0.996073
0.996073
0.996074
0.996074
0.996075
0.996076
0.996078
0.99608
0.996082
0.996085
0.996087
0.996091
0.996094
0.996097
0.996101
0.996105
0.996109
0.996113
0.996117
0.996122
0.996126
0.996131
0.996135
0.99614
0.996145
0.996149
0.996154
0.996158
0.996162
0.996167
0.996171
0.996175
0.996179
0.996183
0.996186
0.99619
0.996193
0.996196
0.996199
0.996202
0.996205
0.996207
0.996209
0.996211
0.996212
0.996214
0.996215
0.996216
0.996217
0.996217
0.996218
0.99622
0.99622
0.996219
0.996218
0.996217
0.996216
0.996215
0.996213
0.996211
0.996209
0.996207
0.996205
0.996202
0.996199
0.996196
0.996193
0.99619
0.996186
0.996182
0.996179
0.996175
0.996171
0.996167
0.996162
0.996158
0.996154
0.996149
0.996145
0.996141
0.996136
0.996132
0.996128
0.996124
0.99612
0.996116
0.996112
0.996108
0.996104
0.996101
0.996098
0.996095
0.996092
0.99609
0.996088
0.996086
0.996085
0.996083
0.996083
0.996082
0.996082
0.996082
0.996082
0.996083
0.996083
0.996085
0.996086
0.996088
0.99609
0.996092
0.996095
0.996098
0.996101
0.996104
0.996108
0.996112
0.996116
0.99612
0.996124
0.996128
0.996132
0.996136
0.996141
0.996145
0.996149
0.996154
0.996158
0.996162
0.996167
0.996171
0.996175
0.996179
0.996182
0.996186
0.99619
0.996193
0.996196
0.996199
0.996202
0.996205
0.996207
0.996209
0.996211
0.996213
0.996215
0.996216
0.996217
0.996218
0.996219
0.99622
0.99622
0.996222
0.996222
0.996221
0.996221
0.99622
0.996218
0.996217
0.996216
0.996214
0.996212
0.99621
0.996207
0.996205
0.996202
0.996199
0.996196
0.996193
0.996189
0.996186
0.996182
0.996178
0.996174
0.996171
0.996166
0.996162
0.996158
0.996154
0.99615
0.996146
0.996141
0.996137
0.996133
0.996129
0.996125
0.996122
0.996118
0.996114
0.996111
0.996108
0.996105
0.996102
0.9961
0.996097
0.996095
0.996094
0.996092
0.996091
0.99609
0.99609
0.996089
0.996089
0.99609
0.99609
0.996091
0.996092
0.996094
0.996095
0.996097
0.9961
0.996102
0.996105
0.996108
0.996111
0.996114
0.996118
0.996122
0.996125
0.996129
0.996133
0.996137
0.996141
0.996146
0.99615
0.996154
0.996158
0.996162
0.996166
0.996171
0.996174
0.996178
0.996182
0.996186
0.996189
0.996193
0.996196
0.996199
0.996202
0.996205
0.996207
0.99621
0.996212
0.996214
0.996216
0.996217
0.996218
0.99622
0.996221
0.996221
0.996222
0.996222
0.996224
0.996224
0.996223
0.996222
0.996222
0.996221
0.996219
0.996218
0.996216
0.996214
0.996212
0.99621
0.996207
0.996205
0.996202
0.996199
0.996196
0.996192
0.996189
0.996185
0.996182
0.996178
0.996174
0.99617
0.996166
0.996162
0.996158
0.996154
0.99615
0.996146
0.996142
0.996138
0.996134
0.996131
0.996127
0.996124
0.99612
0.996117
0.996114
0.996111
0.996109
0.996106
0.996104
0.996102
0.9961
0.996099
0.996098
0.996097
0.996096
0.996096
0.996096
0.996096
0.996097
0.996098
0.996099
0.9961
0.996102
0.996104
0.996106
0.996109
0.996111
0.996114
0.996117
0.99612
0.996124
0.996127
0.996131
0.996134
0.996138
0.996142
0.996146
0.99615
0.996154
0.996158
0.996162
0.996166
0.99617
0.996174
0.996178
0.996182
0.996185
0.996189
0.996192
0.996196
0.996199
0.996202
0.996205
0.996207
0.99621
0.996212
0.996214
0.996216
0.996218
0.996219
0.996221
0.996222
0.996222
0.996223
0.996224
0.996224
0.996226
0.996225
0.996225
0.996224
0.996223
0.996222
0.996221
0.99622
0.996218
0.996216
0.996214
0.996212
0.996209
0.996207
0.996204
0.996201
0.996198
0.996195
0.996192
0.996188
0.996185
0.996181
0.996177
0.996174
0.99617
0.996166
0.996162
0.996158
0.996154
0.99615
0.996147
0.996143
0.996139
0.996136
0.996132
0.996129
0.996125
0.996122
0.996119
0.996117
0.996114
0.996112
0.99611
0.996108
0.996106
0.996105
0.996104
0.996103
0.996103
0.996102
0.996102
0.996103
0.996103
0.996104
0.996105
0.996106
0.996108
0.99611
0.996112
0.996114
0.996117
0.996119
0.996122
0.996125
0.996129
0.996132
0.996136
0.996139
0.996143
0.996147
0.99615
0.996154
0.996158
0.996162
0.996166
0.99617
0.996174
0.996177
0.996181
0.996185
0.996188
0.996192
0.996195
0.996198
0.996201
0.996204
0.996207
0.996209
0.996212
0.996214
0.996216
0.996218
0.99622
0.996221
0.996222
0.996223
0.996224
0.996225
0.996225
0.996226
0.996227
0.996227
0.996227
0.996226
0.996225
0.996224
0.996223
0.996221
0.99622
0.996218
0.996216
0.996214
0.996211
0.996209
0.996206
0.996203
0.9962
0.996197
0.996194
0.996191
0.996187
0.996184
0.99618
0.996177
0.996173
0.996169
0.996165
0.996162
0.996158
0.996154
0.996151
0.996147
0.996143
0.99614
0.996137
0.996133
0.99613
0.996127
0.996124
0.996122
0.996119
0.996117
0.996115
0.996113
0.996112
0.996111
0.99611
0.996109
0.996108
0.996108
0.996108
0.996108
0.996109
0.99611
0.996111
0.996112
0.996113
0.996115
0.996117
0.996119
0.996122
0.996124
0.996127
0.99613
0.996133
0.996137
0.99614
0.996143
0.996147
0.996151
0.996154
0.996158
0.996162
0.996165
0.996169
0.996173
0.996177
0.99618
0.996184
0.996187
0.996191
0.996194
0.996197
0.9962
0.996203
0.996206
0.996209
0.996211
0.996214
0.996216
0.996218
0.99622
0.996221
0.996223
0.996224
0.996225
0.996226
0.996227
0.996227
0.996227
0.996229
0.996228
0.996228
0.996227
0.996227
0.996226
0.996224
0.996223
0.996221
0.99622
0.996218
0.996216
0.996213
0.996211
0.996208
0.996205
0.996203
0.9962
0.996196
0.996193
0.99619
0.996186
0.996183
0.996179
0.996176
0.996172
0.996169
0.996165
0.996161
0.996158
0.996154
0.996151
0.996147
0.996144
0.996141
0.996137
0.996134
0.996132
0.996129
0.996126
0.996124
0.996122
0.99612
0.996118
0.996117
0.996116
0.996115
0.996114
0.996113
0.996113
0.996113
0.996113
0.996114
0.996115
0.996116
0.996117
0.996118
0.99612
0.996122
0.996124
0.996126
0.996129
0.996132
0.996134
0.996137
0.996141
0.996144
0.996147
0.996151
0.996154
0.996158
0.996161
0.996165
0.996169
0.996172
0.996176
0.996179
0.996183
0.996186
0.99619
0.996193
0.996196
0.9962
0.996203
0.996205
0.996208
0.996211
0.996213
0.996216
0.996218
0.99622
0.996221
0.996223
0.996224
0.996226
0.996227
0.996227
0.996228
0.996228
0.996229
0.99623
0.99623
0.996229
0.996229
0.996228
0.996227
0.996226
0.996224
0.996223
0.996221
0.996219
0.996217
0.996215
0.996212
0.99621
0.996207
0.996204
0.996201
0.996198
0.996195
0.996192
0.996189
0.996185
0.996182
0.996178
0.996175
0.996171
0.996168
0.996164
0.996161
0.996157
0.996154
0.99615
0.996147
0.996144
0.996141
0.996138
0.996135
0.996133
0.99613
0.996128
0.996126
0.996124
0.996122
0.996121
0.99612
0.996119
0.996118
0.996118
0.996117
0.996117
0.996118
0.996118
0.996119
0.99612
0.996121
0.996122
0.996124
0.996126
0.996128
0.99613
0.996133
0.996135
0.996138
0.996141
0.996144
0.996147
0.99615
0.996154
0.996157
0.996161
0.996164
0.996168
0.996171
0.996175
0.996178
0.996182
0.996185
0.996189
0.996192
0.996195
0.996198
0.996201
0.996204
0.996207
0.99621
0.996212
0.996215
0.996217
0.996219
0.996221
0.996223
0.996224
0.996226
0.996227
0.996228
0.996229
0.996229
0.99623
0.99623
0.996231
0.996231
0.99623
0.99623
0.996229
0.996228
0.996227
0.996226
0.996224
0.996222
0.996221
0.996218
0.996216
0.996214
0.996211
0.996209
0.996206
0.996203
0.9962
0.996197
0.996194
0.996191
0.996187
0.996184
0.99618
0.996177
0.996174
0.99617
0.996167
0.996163
0.99616
0.996156
0.996153
0.99615
0.996147
0.996144
0.996141
0.996138
0.996136
0.996134
0.996131
0.996129
0.996128
0.996126
0.996125
0.996123
0.996122
0.996122
0.996121
0.996121
0.996121
0.996121
0.996122
0.996122
0.996123
0.996125
0.996126
0.996128
0.996129
0.996131
0.996134
0.996136
0.996138
0.996141
0.996144
0.996147
0.99615
0.996153
0.996156
0.99616
0.996163
0.996167
0.99617
0.996174
0.996177
0.99618
0.996184
0.996187
0.996191
0.996194
0.996197
0.9962
0.996203
0.996206
0.996209
0.996211
0.996214
0.996216
0.996218
0.996221
0.996222
0.996224
0.996226
0.996227
0.996228
0.996229
0.99623
0.99623
0.996231
0.996231
0.996232
0.996232
0.996231
0.996231
0.99623
0.996229
0.996228
0.996227
0.996225
0.996223
0.996222
0.99622
0.996217
0.996215
0.996213
0.99621
0.996207
0.996205
0.996202
0.996199
0.996195
0.996192
0.996189
0.996186
0.996182
0.996179
0.996175
0.996172
0.996169
0.996165
0.996162
0.996159
0.996156
0.996152
0.996149
0.996147
0.996144
0.996141
0.996139
0.996136
0.996134
0.996132
0.99613
0.996129
0.996128
0.996126
0.996125
0.996125
0.996124
0.996124
0.996124
0.996124
0.996125
0.996125
0.996126
0.996128
0.996129
0.99613
0.996132
0.996134
0.996136
0.996139
0.996141
0.996144
0.996147
0.996149
0.996152
0.996156
0.996159
0.996162
0.996165
0.996169
0.996172
0.996175
0.996179
0.996182
0.996186
0.996189
0.996192
0.996195
0.996199
0.996202
0.996205
0.996207
0.99621
0.996213
0.996215
0.996217
0.99622
0.996222
0.996223
0.996225
0.996227
0.996228
0.996229
0.99623
0.996231
0.996231
0.996232
0.996232
0.996233
0.996233
0.996232
0.996232
0.996231
0.99623
0.996229
0.996227
0.996226
0.996224
0.996222
0.996221
0.996218
0.996216
0.996214
0.996211
0.996208
0.996206
0.996203
0.9962
0.996197
0.996193
0.99619
0.996187
0.996184
0.99618
0.996177
0.996174
0.99617
0.996167
0.996164
0.996161
0.996157
0.996154
0.996151
0.996149
0.996146
0.996143
0.996141
0.996139
0.996136
0.996135
0.996133
0.996131
0.99613
0.996129
0.996128
0.996127
0.996127
0.996127
0.996127
0.996127
0.996127
0.996128
0.996129
0.99613
0.996131
0.996133
0.996135
0.996136
0.996139
0.996141
0.996143
0.996146
0.996149
0.996151
0.996154
0.996157
0.996161
0.996164
0.996167
0.99617
0.996174
0.996177
0.99618
0.996184
0.996187
0.99619
0.996193
0.996197
0.9962
0.996203
0.996206
0.996208
0.996211
0.996214
0.996216
0.996218
0.996221
0.996222
0.996224
0.996226
0.996227
0.996229
0.99623
0.996231
0.996232
0.996232
0.996233
0.996233
0.996233
0.996233
0.996233
0.996232
0.996231
0.99623
0.996229
0.996228
0.996227
0.996225
0.996223
0.996221
0.996219
0.996217
0.996214
0.996212
0.996209
0.996206
0.996204
0.996201
0.996198
0.996194
0.996191
0.996188
0.996185
0.996181
0.996178
0.996175
0.996172
0.996168
0.996165
0.996162
0.996159
0.996156
0.996153
0.99615
0.996147
0.996145
0.996142
0.99614
0.996138
0.996136
0.996135
0.996133
0.996132
0.996131
0.99613
0.996129
0.996129
0.996128
0.996128
0.996129
0.996129
0.99613
0.996131
0.996132
0.996133
0.996135
0.996136
0.996138
0.99614
0.996142
0.996145
0.996147
0.99615
0.996153
0.996156
0.996159
0.996162
0.996165
0.996168
0.996172
0.996175
0.996178
0.996181
0.996185
0.996188
0.996191
0.996194
0.996198
0.996201
0.996204
0.996206
0.996209
0.996212
0.996214
0.996217
0.996219
0.996221
0.996223
0.996225
0.996227
0.996228
0.996229
0.99623
0.996231
0.996232
0.996233
0.996233
0.996233
0.996234
0.996234
0.996233
0.996233
0.996232
0.996231
0.99623
0.996228
0.996227
0.996225
0.996224
0.996222
0.99622
0.996217
0.996215
0.996212
0.99621
0.996207
0.996204
0.996201
0.996198
0.996195
0.996192
0.996189
0.996185
0.996182
0.996179
0.996176
0.996172
0.996169
0.996166
0.996163
0.99616
0.996157
0.996154
0.996151
0.996148
0.996146
0.996144
0.996141
0.996139
0.996137
0.996136
0.996134
0.996133
0.996132
0.996131
0.99613
0.99613
0.99613
0.99613
0.99613
0.99613
0.996131
0.996132
0.996133
0.996134
0.996136
0.996137
0.996139
0.996141
0.996144
0.996146
0.996148
0.996151
0.996154
0.996157
0.99616
0.996163
0.996166
0.996169
0.996172
0.996176
0.996179
0.996182
0.996185
0.996189
0.996192
0.996195
0.996198
0.996201
0.996204
0.996207
0.99621
0.996212
0.996215
0.996217
0.99622
0.996222
0.996224
0.996225
0.996227
0.996228
0.99623
0.996231
0.996232
0.996233
0.996233
0.996234
0.996234
0.996234
0.996234
0.996233
0.996233
0.996232
0.996231
0.99623
0.996229
0.996227
0.996226
0.996224
0.996222
0.99622
0.996218
0.996215
0.996213
0.99621
0.996207
0.996204
0.996201
0.996198
0.996195
0.996192
0.996189
0.996186
0.996183
0.996179
0.996176
0.996173
0.99617
0.996166
0.996163
0.99616
0.996157
0.996154
0.996152
0.996149
0.996146
0.996144
0.996142
0.99614
0.996138
0.996136
0.996135
0.996133
0.996132
0.996132
0.996131
0.99613
0.99613
0.99613
0.99613
0.996131
0.996132
0.996132
0.996133
0.996135
0.996136
0.996138
0.99614
0.996142
0.996144
0.996146
0.996149
0.996152
0.996154
0.996157
0.99616
0.996163
0.996166
0.99617
0.996173
0.996176
0.996179
0.996183
0.996186
0.996189
0.996192
0.996195
0.996198
0.996201
0.996204
0.996207
0.99621
0.996213
0.996215
0.996218
0.99622
0.996222
0.996224
0.996226
0.996227
0.996229
0.99623
0.996231
0.996232
0.996233
0.996233
0.996234
0.996234
)
;

boundaryField
{
    backAndFront
    {
        type            empty;
    }
    dirichletBoundary
    {
        type            zeroGradient;
    }
}


// ************************************************************************* //
