/*--------------------------------*- C++ -*----------------------------------*\
| =========                 |                                                 |
| \\      /  F ield         | OpenFOAM: The Open Source CFD Toolbox           |
|  \\    /   O peration     | Version:  v1806                                 |
|   \\  /    A nd           | Web:      www.OpenFOAM.com                      |
|    \\/     M anipulation  |                                                 |
\*---------------------------------------------------------------------------*/
FoamFile
{
    version     2.0;
    format      ascii;
    class       volScalarField;
    location    "2";
    object      u;
}
// * * * * * * * * * * * * * * * * * * * * * * * * * * * * * * * * * * * * * //

dimensions      [0 0 0 0 0 0 0];


internalField   nonuniform List<scalar> 
10000
(
1
1
1
1
1
1
1
1
1
1
1
1
1
1
1
1
1
1
1
1
1
1
1
1
1
1
1
1
1
1
1
1
1
1
1
1
1
1
1
1
1
1
1
1
1
1
1
1
1
1
1
1
1
1
1
1
1
1
1
1
1
1
1
1
1
1
1
1
1
1
1
1
1
1
1
1
1
1
1
1
1
1
1
1
1
1
1
1
1
1
1
1
1
1
1
1
1
1
1
1
1
1
1
1
1
1
1
1
1
1
1
1
1
1
1
1
1
1
1
1
1
1
1
1
1
1
1
1
1
1
1
1
1
1
1
1
1
1
1
1
1
1
1
1
1
1
1
1
1
1
1
1
1
1
1
1
1
1
1
1
1
1
1
1
1
1
1
1
1
1
1
1
1
1
1
1
1
1
1
1
1
1
1
1
1
1
1
1
1
1
1
1
1
1
1
1
1
1
1
1
1
1
1
1
1
1
1
1
1
1
1
1
1
1
1
1
1
1
1
1
1
1
1
1
1
1
1
1
1
1
1
1
1
1
1
1
1
1
1
1
1
1
1
1
1
1
1
1
1
1
1
1
1
1
1
1
1
1
1
1
1
1
1
1
1
1
1
1
1
1
1
1
1
1
1
1
1
1
1
1
1
1
1
1
1
1
1
1
1
1
1
1
1
1
1
1
1
1
1
1
1
1
1
1
1
1
1
1
1
1
1
1
1
1
1
1
1
1
1
1
1
1
1
1
1
1
1
1
1
1
1
1
1
1
1
1
1
1
1
1
1
1
1
1
1
1
1
1
1
1
1
1
1
1
1
1
1
1
1
1
1
1
1
1
1
1
1
1
1
1
1
1
1
1
1
1
1
1
1
1
1
1
1
1
1
1
1
1
1
1
1
1
1
1
1
1
1
1
1
1
1
1
1
1
1
1
1
1
1
1
1
1
1
1
1
1
1
1
1
1
1
1
1
1
1
1
1
1
1
1
1
1
1
1
1
1
1
1
1
1
1
1
1
1
1
1
1
1
1
1
1
1
1
1
1
1
1
1
1
1
1
1
1
1
1
1
1
1
1
1
1
1
1
1
1
1
1
1
1
1
1
1
1
1
1
1
1
1
1
1
1
1
1
1
1
1
1
1
1
1
1
1
1
1
1
1
1
1
1
1
1
1
1
1
1
1
1
1
1
1
1
1
1
1
1
1
1
1
1
1
1
1
1
1
1
1
1
1
1
1
1
1
1
1
1
1
1
1
1
1
1
1
1
1
1
1
1
1
1
1
1
1
1
1
1
1
1
1
1
1
1
1
1
1
1
1
1
1
1
1
1
1
1
1
1
1
1
1
1
1
1
1
1
1
1
1
1
1
1
1
1
1
1
1
1
1
1
1
1
1
1
1
1
1
1
1
1
1
1
1
1
1
1
1
1
1
1
1
1
1
1
1
1
1
1
1
1
1
1
1
1
1
1
1
1
1
1
1
1
1
1
1
1
1
1
1
1
1
1
1
1
1
1
1
1
1
1
1
1
1
1
1
1
1
1
1
1
1
1
1
1
1
1
1
1
1
1
1
1
1
1
1
1
1
1
1
1
1
1
1
1
1
1
1
1
1
1
1
1
1
1
1
1
1
1
1
1
1
1
1
1
1
1
1
1
1
1
1
1
1
1
1
1
1
1
1
1
1
1
1
1
1
1
1
1
1
1
1
1
1
1
1
1
1
1
1
1
1
1
1
1
1
1
1
1
1
1
1
1
1
1
1
1
1
1
1
1
1
1
1
1
1
1
1
1
1
1
1
1
1
1
1
1
1
1
1
1
1
1
1
1
1
1
1
1
1
1
1
1
1
1
1
1
1
1
1
1
1
1
1
1
1
1
1
1
1
1
1
1
1
1
1
1
1
1
1
1
1
1
1
1
1
1
1
1
1
1
1
1
1
1
1
1
1
1
1
1
1
1
1
1
1
1
1
1
1
1
1
1
1
1
1
1
1
1
1
1
1
1
1
1
1
1
1
1
1
1
1
1
1
1
1
1
1
1
1
1
1
1
1
1
1
1
1
1
1
1
1
1
1
1
1
1
1
1
1
1
1
1
1
1
1
1
1
1
1
1
1
1
1
1
1
1
1
1
1
1
1
1
1
1
1
1
1
1
1
1
1
1
1
1
1
1
1
1
1
1
1
1
1
1
1
1
1
1
1
1
1
1
1
1
1
1
1
1
1
1
1
1
1
1
1
1
1
1
1
1
1
1
1
1
1
1
1
1
1
1
1
1
1
1
1
1
1
1
1
1
1
1
1
1
1
1
1
1
1
1
1
1
1
1
1
1
1
1
1
1
1
1
1
1
1
1
1
1
1
1
1
1
1
1
1
1
1
1
1
1
1
1
1
1
1
1
1
1
1
1
1
1
1
1
1
1
1
1
1
1
1
1
1
1
1
1
1
1
1
1
1
1
1
1
1
1
1
1
1
1
1
1
1
1
1
1
1
1
1
1
1
1
1
1
1
1
1
1
1
1
1
1
1
1
1
1
1
1
1
1
1
1
1
1
1
1
1
1
1
1
1
1
1
1
1
1
1
1
1
1
1
1
1
1
1
1
1
1
1
1
1
1
1
1
1
1
1
1
1
1
1
1
1
1
1
1
1
1
1
1
1
1
1
1
1
1
1
1
1
1
1
1
1
1
1
1
1
1
1
1
1
1
1
1
1
1
1
1
1
1
1
1
1
1
1
1
1
1
1
1
1
1
1
1
1
1
1
1
1
1
1
1
1
1
1
1
1
1
1
1
1
1
1
1
1
1
1
1
1
1
1
1
1
1
1
1
1
1
1
1
1
1
1
1
1
1
1
1
1
1
1
1
1
1
1
1
1
1
1
1
1
1
1
1
1
1
1
1
1
1
1
1
1
1
1
1
1
1
1
1
1
1
1
1
1
1
1
1
1
1
1
1
1
1
1
1
1
1
1
1
1
1
1
1
1
1
1
1
1
1
1
1
1
1
1
1
1
1
1
1
1
1
1
1
1
1
1
1
1
1
1
1
1
1
1
1
1
1
1
1
1
1
1
1
1
1
1
1
1
1
1
1
1
1
1
1
1
1
1
1
1
1
1
1
1
1
1
1
1
1
1
1
1
1
1
1
1
1
1
1
1
1
1
1
1
1
1
1
1
1
1
1
1
1
1
1
1
1
1
1
1
1
1
1
1
1
1
1
1
1
1
1
1
1
1
1
1
1
1
1
1
1
1
1
1
1
1
1
1
1
1
1
1
1
1
1
1
1
1
1
1
1
1
1
1
1
1
1
1
1
1
1
1
1
1
1
1
1
1
1
1
1
1
1
1
1
1
1
1
1
1
1
1
1
1
1
1
1
1
1
1
1
1
1
1
1
1
1
1
1
1
1
1
1
1
1
1
1
1
1
1
1
1
1
1
1
1
1
1
1
1
1
1
1
1
1
1
1
1
1
1
1
1
1
1
1
1
1
1
1
1
1
1
1
1
1
1
1
1
1
1
1
1
1
1
1
1
1
1
1
1
1
1
1
1
1
1
1
1
1
1
1
1
1
1
1
1
1
1
1
1
1
1
1
1
1
1
1
1
1
1
1
1
1
1
1
1
1
1
1
1
1
1
1
1
1
1
1
1
1
1
1
1
1
1
1
1
1
1
1
1
1
1
1
1
1
1
1
1
1
1
1
1
1
1
1
1
1
1
1
1
1
1
1
1
1
1
1
1
1
1
1
1
1
1
1
1
1
1
1
1
1
1
1
1
1
1
1
1
1
1
1
1
1
1
1
1
1
1
1
1
1
1
1
1
1
1
1
1
1
1
1
1
1
1
1
1
1
1
1
1
1
1
1
1
1
1
1
1
1
1
1
1
1
1
1
1
1
1
1
1
1
1
1
1
1
1
1
1
1
1
1
1
1
1
1
1
1
1
1
1
1
1
1
1
1
1
1
1
1
0.998859
0.99406
0.99166
0.99166
0.99406
0.998859
1
1
1
1
1
1
1
1
1
1
1
1
1
1
1
1
1
1
1
1
1
1
1
1
1
1
1
1
1
1
1
1
1
1
1
1
1
1
1
1
1
1
1
1
1
1
1
1
1
1
1
1
1
1
1
1
1
1
1
1
1
1
1
1
1
1
1
1
1
1
1
1
1
1
1
1
1
1
1
1
1
1
1
1
1
1
1
1
1
0.982059
0.965259
0.95086
0.93886
0.929261
0.922061
0.917261
0.914861
0.914861
0.917261
0.922061
0.929261
0.93886
0.95086
0.965259
0.982059
1
1
1
1
1
1
1
1
1
1
1
1
1
1
1
1
1
1
1
1
1
1
1
1
1
1
1
1
1
1
1
1
1
1
1
1
1
1
1
1
1
1
1
1
1
1
1
1
1
1
1
1
1
1
1
1
1
1
1
1
1
1
1
1
1
1
1
1
1
1
1
1
1
1
1
1
1
1
1
1
0.998857
0.972458
0.948459
0.92686
0.90766
0.890861
0.876462
0.864462
0.854863
0.847663
0.842863
0.840463
0.840463
0.842863
0.847663
0.854863
0.864462
0.876462
0.890861
0.90766
0.92686
0.948459
0.972458
0.998857
1
1
1
1
1
1
1
1
1
1
1
1
1
1
1
1
1
1
1
1
1
1
1
1
1
1
1
1
1
1
1
1
1
1
1
1
1
1
1
1
1
1
1
1
1
1
1
1
1
1
1
1
1
1
1
1
1
1
1
1
1
1
1
1
1
1
1
1
1
1
1
1
1
1
0.986856
0.955657
0.926859
0.90046
0.876461
0.854861
0.835662
0.818863
0.804463
0.792464
0.782864
0.775665
0.770865
0.768465
0.768465
0.770865
0.775665
0.782864
0.792464
0.804463
0.818863
0.835662
0.854861
0.876461
0.90046
0.926859
0.955657
0.986856
1
1
1
1
1
1
1
1
1
1
1
1
1
1
1
1
1
1
1
1
1
1
1
1
1
1
1
1
1
1
1
1
1
1
1
1
1
1
1
1
1
1
1
1
1
1
1
1
1
1
1
1
1
1
1
1
1
1
1
1
1
1
1
1
1
1
1
1
1
1
0.986855
0.950857
0.917258
0.886059
0.85726
0.830861
0.806862
0.785263
0.766064
0.749265
0.734865
0.722866
0.713266
0.706066
0.701266
0.698867
0.698867
0.701266
0.706066
0.713266
0.722866
0.734865
0.749265
0.766064
0.785263
0.806862
0.830861
0.85726
0.886059
0.917258
0.950857
0.986855
1
1
1
1
1
1
1
1
1
1
1
1
1
1
1
1
1
1
1
1
1
1
1
1
1
1
1
1
1
1
1
1
1
1
1
1
1
1
1
1
1
1
1
1
1
1
1
1
1
1
1
1
1
1
1
1
1
1
1
1
1
1
1
1
1
1
0.998854
0.958056
0.919657
0.883659
0.85006
0.818861
0.790062
0.763663
0.739664
0.718065
0.698866
0.682066
0.667667
0.655667
0.646068
0.638868
0.634068
0.631668
0.631668
0.634068
0.638868
0.646068
0.655667
0.667667
0.682066
0.698866
0.718065
0.739664
0.763663
0.790062
0.818861
0.85006
0.883659
0.919657
0.958056
0.998854
1
1
1
1
1
1
1
1
1
1
1
1
1
1
1
1
1
1
1
1
1
1
1
1
1
1
1
1
1
1
1
1
1
1
1
1
1
1
1
1
1
1
1
1
1
1
1
1
1
1
1
1
1
1
1
1
1
1
1
1
1
1
1
0.977255
0.934056
0.893258
0.854859
0.81886
0.785262
0.754063
0.725264
0.698865
0.674866
0.653267
0.634067
0.617268
0.602868
0.590869
0.581269
0.57407
0.56927
0.56687
0.56687
0.56927
0.57407
0.581269
0.590869
0.602868
0.617268
0.634067
0.653267
0.674866
0.698865
0.725264
0.754063
0.785262
0.81886
0.854859
0.893258
0.934056
0.977255
1
1
1
1
1
1
1
1
1
1
1
1
1
1
1
1
1
1
1
1
1
1
1
1
1
1
1
1
1
1
1
1
1
1
1
1
1
1
1
1
1
1
1
1
1
1
1
1
1
1
1
1
1
1
1
1
1
1
1
1
1
0.960455
0.914856
0.871658
0.830859
0.792461
0.756462
0.722863
0.691664
0.662865
0.636466
0.612467
0.590868
0.571669
0.554869
0.54047
0.52847
0.518871
0.511671
0.506871
0.504471
0.504471
0.506871
0.511671
0.518871
0.52847
0.54047
0.55487
0.571669
0.590868
0.612467
0.636466
0.662865
0.691664
0.722863
0.756462
0.792461
0.830859
0.871658
0.914856
0.960455
1
1
1
1
1
1
1
1
1
1
1
1
1
1
1
1
1
1
1
1
1
1
1
1
1
1
1
1
1
1
1
1
1
1
1
1
1
1
1
1
1
1
1
1
1
1
1
1
1
1
1
1
1
1
1
1
1
1
0.998853
0.948455
0.900457
0.854858
0.81166
0.770861
0.732462
0.696464
0.662865
0.631666
0.602867
0.576468
0.552469
0.53087
0.51167
0.494871
0.480472
0.468472
0.458872
0.451673
0.446873
0.444473
0.444473
0.446873
0.451673
0.458872
0.468472
0.480472
0.494871
0.51167
0.53087
0.552469
0.576468
0.602867
0.631666
0.662865
0.696464
0.732462
0.770861
0.81166
0.854858
0.900457
0.948455
0.998853
1
1
1
1
1
1
1
1
1
1
1
1
1
1
1
1
1
1
1
1
1
1
1
1
1
1
1
1
1
1
1
1
1
1
1
1
1
1
1
1
1
1
1
1
1
1
1
1
1
1
1
1
1
1
1
0.994053
0.941255
0.890857
0.842858
0.79726
0.754061
0.713263
0.674864
0.638865
0.605267
0.574068
0.545269
0.51887
0.49487
0.473271
0.454072
0.437273
0.422873
0.410873
0.401274
0.394074
0.389274
0.386874
0.386874
0.389274
0.394074
0.401274
0.410873
0.422873
0.437273
0.454072
0.473271
0.49487
0.51887
0.545269
0.574068
0.605267
0.638865
0.674864
0.713263
0.754061
0.79726
0.842858
0.890857
0.941255
0.994053
1
1
1
1
1
1
1
1
1
1
1
1
1
1
1
1
1
1
1
1
1
1
1
1
1
1
1
1
1
1
1
1
1
1
1
1
1
1
1
1
1
1
1
1
1
1
1
1
1
1
1
1
1
0.994053
0.938855
0.886057
0.835658
0.78766
0.742062
0.698863
0.658064
0.619666
0.583667
0.550068
0.518869
0.49007
0.463671
0.439672
0.418073
0.398873
0.382074
0.367674
0.355675
0.346075
0.338875
0.334076
0.331676
0.331676
0.334076
0.338875
0.346075
0.355675
0.367674
0.382074
0.398873
0.418073
0.439672
0.463671
0.49007
0.518869
0.550068
0.583667
0.619666
0.658064
0.698863
0.742062
0.78766
0.835658
0.886057
0.938855
0.994053
1
1
1
1
1
1
1
1
1
1
1
1
1
1
1
1
1
1
1
1
1
1
1
1
1
1
1
1
1
1
1
1
1
1
1
1
1
1
1
1
1
1
1
1
1
1
1
1
1
1
1
0.998853
0.941255
0.886057
0.833258
0.78286
0.734862
0.689263
0.646065
0.605266
0.566867
0.530868
0.49727
0.466071
0.437272
0.410873
0.386873
0.365274
0.346075
0.329275
0.314876
0.302876
0.293276
0.286077
0.281277
0.278877
0.278877
0.281277
0.286077
0.293276
0.302876
0.314876
0.329275
0.346075
0.365274
0.386873
0.410873
0.437272
0.466071
0.49727
0.530868
0.566867
0.605266
0.646065
0.689263
0.734862
0.78286
0.833258
0.886057
0.941255
0.998853
1
1
1
1
1
1
1
1
1
1
1
1
1
1
1
1
1
1
1
1
1
1
1
1
1
1
1
1
1
1
1
1
1
1
1
1
1
1
1
1
1
1
1
1
1
1
1
1
1
1
0.948455
0.890857
0.835658
0.78286
0.732462
0.684463
0.638865
0.595666
0.554867
0.516469
0.48047
0.446871
0.415672
0.386873
0.360474
0.336475
0.314875
0.295676
0.278877
0.264477
0.252477
0.242878
0.235678
0.230878
0.228478
0.228478
0.230878
0.235678
0.242878
0.252477
0.264477
0.278877
0.295676
0.314875
0.336475
0.360474
0.386873
0.415672
0.446871
0.48047
0.516469
0.554867
0.595666
0.638865
0.684463
0.732462
0.78286
0.835658
0.890857
0.948455
1
1
1
1
1
1
1
1
1
1
1
1
1
1
1
1
1
1
1
1
1
1
1
1
1
1
1
1
1
1
1
1
1
1
1
1
1
1
1
1
1
1
1
1
1
1
1
1
1
0.960455
0.900457
0.842858
0.78766
0.734862
0.684463
0.636465
0.590866
0.547668
0.506869
0.46847
0.432471
0.398872
0.367673
0.338874
0.312475
0.288476
0.266877
0.247677
0.230878
0.216478
0.204479
0.194879
0.187679
0.182879
0.180479
0.180479
0.182879
0.187679
0.194879
0.204479
0.216478
0.230878
0.247677
0.266877
0.288476
0.312475
0.338874
0.367673
0.398872
0.432471
0.46847
0.506869
0.547668
0.590866
0.636465
0.684463
0.734862
0.78766
0.842858
0.900457
0.960455
1
1
1
1
1
1
1
1
1
1
1
1
1
1
1
1
1
1
1
1
1
1
1
1
1
1
1
1
1
1
1
1
1
1
1
1
1
1
1
1
1
1
1
1
1
1
1
0.977255
0.914856
0.854858
0.79726
0.742062
0.689263
0.638865
0.590866
0.545268
0.502069
0.46127
0.422871
0.386873
0.353274
0.322075
0.293276
0.266876
0.242877
0.221278
0.202078
0.185279
0.170879
0.15888
0.14928
0.14208
0.13728
0.13488
0.13488
0.13728
0.14208
0.14928
0.15888
0.170879
0.185279
0.202078
0.221278
0.242877
0.266876
0.293276
0.322075
0.353274
0.386873
0.422871
0.46127
0.502069
0.545268
0.590866
0.638865
0.689263
0.742062
0.79726
0.854858
0.914856
0.977255
1
1
1
1
1
1
1
1
1
1
1
1
1
1
1
1
1
1
1
1
1
1
1
1
1
1
1
1
1
1
1
1
1
1
1
1
1
1
1
1
1
1
1
1
1
0.998854
0.934056
0.871658
0.81166
0.754061
0.698863
0.646065
0.595666
0.547668
0.502069
0.45887
0.418072
0.379673
0.343674
0.310075
0.278876
0.250077
0.223677
0.199678
0.178079
0.158879
0.14208
0.12768
0.115681
0.106081
0.0988811
0.0940812
0.0916813
0.0916813
0.0940812
0.0988811
0.106081
0.115681
0.12768
0.14208
0.158879
0.178079
0.199678
0.223677
0.250077
0.278876
0.310075
0.343674
0.379673
0.418072
0.45887
0.502069
0.547668
0.595666
0.646065
0.698863
0.754061
0.81166
0.871658
0.934056
0.998854
1
1
1
1
1
1
1
1
1
1
1
1
1
1
1
1
1
1
1
1
1
1
1
1
1
1
1
1
1
1
1
1
1
1
1
1
1
1
1
1
1
1
1
1
0.958056
0.893258
0.830859
0.770861
0.713263
0.658064
0.605266
0.554867
0.506869
0.46127
0.418072
0.377273
0.338874
0.302875
0.269276
0.238077
0.209278
0.182878
0.158879
0.13728
0.11808
0.101281
0.0868812
0.0748816
0.0652818
0.058082
0.0532822
0.0508822
0.0508822
0.0532822
0.058082
0.0652818
0.0748816
0.0868812
0.101281
0.11808
0.13728
0.158879
0.182879
0.209278
0.238077
0.269276
0.302875
0.338874
0.377273
0.418072
0.46127
0.506869
0.554867
0.605266
0.658064
0.713263
0.770861
0.830859
0.893258
0.958056
1
1
1
1
1
1
1
1
1
1
1
1
1
1
1
1
1
1
1
1
1
1
1
1
1
1
1
1
1
1
1
1
1
1
1
1
1
1
1
1
1
1
1
0.986855
0.919657
0.854859
0.792461
0.732462
0.674864
0.619666
0.566867
0.516469
0.46847
0.422871
0.379673
0.338874
0.300475
0.264476
0.230877
0.199678
0.170879
0.144479
0.12048
0.0988807
0.0796813
0.0628817
0.0484821
0.0364824
0.0268827
0.0196829
0.014883
0.0124831
0.0124831
0.014883
0.0196829
0.0268827
0.0364824
0.0484821
0.0628817
0.0796813
0.0988807
0.12048
0.144479
0.170879
0.199678
0.230877
0.264476
0.300475
0.338874
0.379673
0.422871
0.46847
0.516469
0.566867
0.619666
0.674864
0.732462
0.792461
0.854859
0.919657
0.986855
1
1
1
1
1
1
1
1
1
1
1
1
1
1
1
1
1
1
1
1
1
1
1
1
1
1
1
1
1
1
1
1
1
1
1
1
1
1
1
1
1
1
0.950857
0.883659
0.81886
0.756462
0.696464
0.638865
0.583667
0.530868
0.48047
0.432471
0.386873
0.343674
0.302875
0.264476
0.228477
0.194878
0.163679
0.13488
0.10848
0.084481
0.0628816
0.0436821
0.0268825
0.0124829
0.000483231
0
0
0
0
0
0
0
0
0.000483234
0.0124829
0.0268825
0.0436821
0.0628816
0.084481
0.10848
0.13488
0.163679
0.194878
0.228477
0.264476
0.302875
0.343674
0.386873
0.432471
0.48047
0.530868
0.583667
0.638865
0.696464
0.756462
0.81886
0.883659
0.950857
1
1
1
1
1
1
1
1
1
1
1
1
1
1
1
1
1
1
1
1
1
1
1
1
1
1
1
1
1
1
1
1
1
1
1
1
1
1
1
1
1
0.986856
0.917258
0.85006
0.785262
0.722863
0.662865
0.605267
0.550068
0.49727
0.446871
0.398872
0.353274
0.310075
0.269276
0.230877
0.194878
0.161279
0.13008
0.101281
0.0748812
0.0508818
0.0292824
0.0100829
0
0
0
0
0
0
0
0
0
0
0
0
0
0
0.0100829
0.0292824
0.0508818
0.0748812
0.101281
0.13008
0.161279
0.194878
0.230877
0.269276
0.310075
0.353274
0.398872
0.446871
0.49727
0.550068
0.605267
0.662865
0.722863
0.785262
0.85006
0.917258
0.986856
1
1
1
1
1
1
1
1
1
1
1
1
1
1
1
1
1
1
1
1
1
1
1
1
1
1
1
1
1
1
1
1
1
1
1
1
1
1
1
1
0.955657
0.886059
0.818861
0.754063
0.691664
0.631666
0.574068
0.518869
0.466071
0.415672
0.367673
0.322075
0.278876
0.238077
0.199678
0.163679
0.13008
0.0988806
0.0700813
0.043682
0.0196826
0
0
0
0
0
0
0
0
0
0
0
0
0
0
0
0
0
0
0.0196826
0.043682
0.0700813
0.0988806
0.13008
0.163679
0.199678
0.238077
0.278876
0.322075
0.367673
0.415672
0.466071
0.518869
0.574068
0.631666
0.691664
0.754063
0.818861
0.886059
0.955657
1
1
1
1
1
1
1
1
1
1
1
1
1
1
1
1
1
1
1
1
1
1
1
1
1
1
1
1
1
1
1
1
1
1
1
1
1
1
1
0.998857
0.926859
0.85726
0.790062
0.725264
0.662865
0.602867
0.545269
0.49007
0.437272
0.386873
0.338874
0.293276
0.250077
0.209278
0.170879
0.13488
0.101281
0.0700813
0.041282
0.0148827
0
0
0
0
0
0
0
0
0
0
0
0
0
0
0
0
0
0
0
0
0.0148827
0.041282
0.0700813
0.101281
0.13488
0.170879
0.209278
0.250077
0.293276
0.338874
0.386873
0.437272
0.49007
0.545269
0.602867
0.662865
0.725264
0.790062
0.85726
0.926859
0.998857
1
1
1
1
1
1
1
1
1
1
1
1
1
1
1
1
1
1
1
1
1
1
1
1
1
1
1
1
1
1
1
1
1
1
1
1
1
1
0.972458
0.90046
0.830861
0.763663
0.698865
0.636466
0.576468
0.51887
0.463671
0.410873
0.360474
0.312475
0.266876
0.223677
0.182878
0.144479
0.10848
0.0748812
0.043682
0.0148827
0
0
0
0
0
0
0
0
0
0
0
0
0
0
0
0
0
0
0
0
0
0
0.0148827
0.043682
0.0748812
0.10848
0.144479
0.182878
0.223677
0.266876
0.312475
0.360474
0.410873
0.463671
0.51887
0.576468
0.636466
0.698865
0.763663
0.830861
0.90046
0.972458
1
1
1
1
1
1
1
1
1
1
1
1
1
1
1
1
1
1
1
1
1
1
1
1
1
1
1
1
1
1
1
1
1
1
1
1
1
1
0.948459
0.876461
0.806862
0.739664
0.674866
0.612467
0.552469
0.49487
0.439672
0.386873
0.336475
0.288476
0.242877
0.199678
0.158879
0.12048
0.084481
0.0508818
0.0196826
0
0
0
0
0
0
0
0
0
0
0
0
0
0
0
0
0
0
0
0
0
0
0
0
0.0196826
0.0508818
0.084481
0.12048
0.158879
0.199678
0.242877
0.288476
0.336475
0.386873
0.439672
0.49487
0.552469
0.612467
0.674866
0.739664
0.806862
0.876461
0.948459
1
1
1
1
1
1
1
1
1
1
1
1
1
1
1
1
1
1
1
1
1
1
1
1
1
1
1
1
1
1
1
1
1
1
1
1
1
1
0.92686
0.854861
0.785263
0.718065
0.653267
0.590868
0.53087
0.473271
0.418073
0.365274
0.314875
0.266877
0.221278
0.178079
0.13728
0.0988807
0.0628816
0.0292824
0
0
0
0
0
0
0
0
0
0
0
0
0
0
0
0
0
0
0
0
0
0
0
0
0
0
0.0292824
0.0628816
0.0988807
0.13728
0.178079
0.221278
0.266877
0.314875
0.365274
0.418073
0.473271
0.53087
0.590868
0.653267
0.718065
0.785263
0.854861
0.92686
1
1
1
1
1
1
1
1
1
1
1
1
1
1
1
1
1
1
1
1
1
1
1
1
1
1
1
1
1
1
1
1
1
1
1
1
1
0.982059
0.90766
0.835662
0.766064
0.698866
0.634067
0.571669
0.51167
0.454072
0.398873
0.346075
0.295676
0.247677
0.202078
0.158879
0.11808
0.0796813
0.0436821
0.0100829
0
0
0
0
0
0
0
0
0
0
0
0
0
0
0
0
0
0
0
0
0
0
0
0
0
0
0.0100829
0.0436821
0.0796813
0.11808
0.158879
0.202078
0.247677
0.295676
0.346075
0.398873
0.454072
0.51167
0.571669
0.634067
0.698866
0.766064
0.835662
0.90766
0.982059
1
1
1
1
1
1
1
1
1
1
1
1
1
1
1
1
1
1
1
1
1
1
1
1
1
1
1
1
1
1
1
1
1
1
1
1
0.965259
0.890861
0.818863
0.749265
0.682066
0.617268
0.554869
0.494871
0.437273
0.382074
0.329275
0.278877
0.230878
0.185279
0.14208
0.101281
0.0628817
0.0268825
0
0
0
0
0
0
0
0
0
0
0
0
0
0
0
0
0
0
0
0
0
0
0
0
0
0
0
0
0.0268825
0.0628817
0.101281
0.14208
0.185279
0.230878
0.278877
0.329275
0.382074
0.437273
0.494871
0.55487
0.617268
0.682066
0.749265
0.818863
0.890861
0.965259
1
1
1
1
1
1
1
1
1
1
1
1
1
1
1
1
1
1
1
1
1
1
1
1
1
1
1
1
1
1
1
1
1
1
1
1
0.95086
0.876462
0.804463
0.734865
0.667667
0.602868
0.54047
0.480472
0.422873
0.367674
0.314876
0.264477
0.216478
0.170879
0.12768
0.0868812
0.0484821
0.0124829
0
0
0
0
0
0
0
0
0
0
0
0
0
0
0
0
0
0
0
0
0
0
0
0
0
0
0
0
0.0124829
0.0484821
0.0868812
0.12768
0.170879
0.216478
0.264477
0.314876
0.367674
0.422873
0.480472
0.54047
0.602868
0.667667
0.734865
0.804463
0.876462
0.95086
1
1
1
1
1
1
1
1
1
1
1
1
1
1
1
1
1
1
1
1
1
1
1
1
1
1
1
1
1
1
1
1
1
1
1
1
0.93886
0.864462
0.792464
0.722866
0.655667
0.590869
0.52847
0.468472
0.410873
0.355675
0.302876
0.252477
0.204479
0.15888
0.115681
0.0748816
0.0364824
0.000483231
0
0
0
0
0
0
0
0
0
0
0
0
0
0
0
0
0
0
0
0
0
0
0
0
0
0
0
0
0.000483227
0.0364824
0.0748816
0.115681
0.15888
0.204479
0.252477
0.302876
0.355675
0.410873
0.468472
0.52847
0.590869
0.655667
0.722866
0.792464
0.864462
0.93886
1
1
1
1
1
1
1
1
1
1
1
1
1
1
1
1
1
1
1
1
1
1
1
1
1
1
1
1
1
1
1
1
1
1
1
1
0.929261
0.854863
0.782864
0.713266
0.646068
0.581269
0.518871
0.458872
0.401274
0.346075
0.293276
0.242878
0.194879
0.14928
0.106081
0.0652818
0.0268827
0
0
0
0
0
0
0
0
0
0
0
0
0
0
0
0
0
0
0
0
0
0
0
0
0
0
0
0
0
0
0.0268827
0.0652818
0.106081
0.14928
0.194879
0.242878
0.293276
0.346075
0.401274
0.458872
0.518871
0.581269
0.646068
0.713266
0.782864
0.854863
0.929261
1
1
1
1
1
1
1
1
1
1
1
1
1
1
1
1
1
1
1
1
1
1
1
1
1
1
1
1
1
1
1
1
1
1
1
0.998859
0.922061
0.847663
0.775665
0.706066
0.638868
0.57407
0.511671
0.451673
0.394074
0.338875
0.286077
0.235678
0.187679
0.14208
0.0988811
0.058082
0.0196829
0
0
0
0
0
0
0
0
0
0
0
0
0
0
0
0
0
0
0
0
0
0
0
0
0
0
0
0
0
0
0.0196829
0.058082
0.0988811
0.14208
0.187679
0.235678
0.286077
0.338875
0.394074
0.451673
0.511671
0.57407
0.638868
0.706066
0.775665
0.847663
0.922061
0.998859
1
1
1
1
1
1
1
1
1
1
1
1
1
1
1
1
1
1
1
1
1
1
1
1
1
1
1
1
1
1
1
1
1
1
0.99406
0.917261
0.842863
0.770865
0.701266
0.634068
0.56927
0.506871
0.446873
0.389274
0.334076
0.281277
0.230878
0.182879
0.13728
0.0940812
0.0532822
0.014883
0
0
0
0
0
0
0
0
0
0
0
0
0
0
0
0
0
0
0
0
0
0
0
0
0
0
0
0
0
0
0.014883
0.0532822
0.0940812
0.13728
0.182879
0.230878
0.281277
0.334076
0.389274
0.446873
0.506871
0.56927
0.634068
0.701266
0.770865
0.842863
0.917261
0.99406
1
1
1
1
1
1
1
1
1
1
1
1
1
1
1
1
1
1
1
1
1
1
1
1
1
1
1
1
1
1
1
1
1
1
0.99166
0.914861
0.840463
0.768465
0.698867
0.631668
0.56687
0.504471
0.444473
0.386874
0.331676
0.278877
0.228478
0.180479
0.13488
0.0916813
0.0508822
0.0124831
0
0
0
0
0
0
0
0
0
0
0
0
0
0
0
0
0
0
0
0
0
0
0
0
0
0
0
0
0
0
0.0124831
0.0508822
0.0916813
0.13488
0.180479
0.228478
0.278877
0.331676
0.386874
0.444473
0.504471
0.56687
0.631668
0.698867
0.768465
0.840463
0.914861
0.99166
1
1
1
1
1
1
1
1
1
1
1
1
1
1
1
1
1
1
1
1
1
1
1
1
1
1
1
1
1
1
1
1
1
1
0.99166
0.914861
0.840463
0.768465
0.698867
0.631668
0.56687
0.504471
0.444473
0.386874
0.331676
0.278877
0.228478
0.180479
0.13488
0.0916813
0.0508822
0.0124831
0
0
0
0
0
0
0
0
0
0
0
0
0
0
0
0
0
0
0
0
0
0
0
0
0
0
0
0
0
0
0.0124831
0.0508822
0.0916813
0.13488
0.180479
0.228478
0.278877
0.331676
0.386874
0.444473
0.504471
0.56687
0.631668
0.698867
0.768465
0.840463
0.914861
0.99166
1
1
1
1
1
1
1
1
1
1
1
1
1
1
1
1
1
1
1
1
1
1
1
1
1
1
1
1
1
1
1
1
1
1
0.99406
0.917261
0.842863
0.770865
0.701266
0.634068
0.56927
0.506871
0.446873
0.389274
0.334076
0.281277
0.230878
0.182879
0.13728
0.0940812
0.0532822
0.014883
0
0
0
0
0
0
0
0
0
0
0
0
0
0
0
0
0
0
0
0
0
0
0
0
0
0
0
0
0
0
0.014883
0.0532822
0.0940812
0.13728
0.182879
0.230878
0.281277
0.334076
0.389274
0.446873
0.506871
0.56927
0.634068
0.701266
0.770865
0.842863
0.917261
0.99406
1
1
1
1
1
1
1
1
1
1
1
1
1
1
1
1
1
1
1
1
1
1
1
1
1
1
1
1
1
1
1
1
1
1
0.998859
0.922061
0.847663
0.775665
0.706066
0.638868
0.57407
0.511671
0.451673
0.394074
0.338875
0.286077
0.235678
0.187679
0.14208
0.0988811
0.058082
0.0196829
0
0
0
0
0
0
0
0
0
0
0
0
0
0
0
0
0
0
0
0
0
0
0
0
0
0
0
0
0
0
0.0196829
0.058082
0.0988811
0.14208
0.187679
0.235678
0.286077
0.338875
0.394074
0.451673
0.511671
0.57407
0.638868
0.706066
0.775665
0.847663
0.922061
0.998859
1
1
1
1
1
1
1
1
1
1
1
1
1
1
1
1
1
1
1
1
1
1
1
1
1
1
1
1
1
1
1
1
1
1
1
0.929261
0.854863
0.782864
0.713266
0.646068
0.581269
0.518871
0.458872
0.401274
0.346075
0.293276
0.242878
0.194879
0.14928
0.106081
0.0652818
0.0268827
0
0
0
0
0
0
0
0
0
0
0
0
0
0
0
0
0
0
0
0
0
0
0
0
0
0
0
0
0
0
0.0268827
0.0652818
0.106081
0.14928
0.194879
0.242878
0.293276
0.346075
0.401274
0.458872
0.518871
0.581269
0.646068
0.713266
0.782864
0.854863
0.929261
1
1
1
1
1
1
1
1
1
1
1
1
1
1
1
1
1
1
1
1
1
1
1
1
1
1
1
1
1
1
1
1
1
1
1
1
0.93886
0.864462
0.792464
0.722866
0.655667
0.590869
0.52847
0.468472
0.410873
0.355675
0.302876
0.252477
0.204479
0.15888
0.115681
0.0748816
0.0364824
0.000483234
0
0
0
0
0
0
0
0
0
0
0
0
0
0
0
0
0
0
0
0
0
0
0
0
0
0
0
0
0.000483222
0.0364824
0.0748816
0.115681
0.15888
0.204479
0.252477
0.302876
0.355675
0.410873
0.468472
0.52847
0.590869
0.655667
0.722866
0.792464
0.864462
0.93886
1
1
1
1
1
1
1
1
1
1
1
1
1
1
1
1
1
1
1
1
1
1
1
1
1
1
1
1
1
1
1
1
1
1
1
1
0.95086
0.876462
0.804463
0.734865
0.667667
0.602868
0.54047
0.480472
0.422873
0.367674
0.314876
0.264477
0.216478
0.170879
0.12768
0.0868812
0.0484821
0.0124829
0
0
0
0
0
0
0
0
0
0
0
0
0
0
0
0
0
0
0
0
0
0
0
0
0
0
0
0
0.0124829
0.0484821
0.0868812
0.12768
0.170879
0.216478
0.264477
0.314876
0.367674
0.422873
0.480472
0.54047
0.602868
0.667667
0.734865
0.804463
0.876462
0.95086
1
1
1
1
1
1
1
1
1
1
1
1
1
1
1
1
1
1
1
1
1
1
1
1
1
1
1
1
1
1
1
1
1
1
1
1
0.965259
0.890861
0.818863
0.749265
0.682066
0.617268
0.55487
0.494871
0.437273
0.382074
0.329275
0.278877
0.230878
0.185279
0.14208
0.101281
0.0628817
0.0268825
0
0
0
0
0
0
0
0
0
0
0
0
0
0
0
0
0
0
0
0
0
0
0
0
0
0
0
0
0.0268825
0.0628817
0.101281
0.14208
0.185279
0.230878
0.278877
0.329275
0.382074
0.437273
0.494871
0.554869
0.617268
0.682066
0.749265
0.818863
0.890861
0.965259
1
1
1
1
1
1
1
1
1
1
1
1
1
1
1
1
1
1
1
1
1
1
1
1
1
1
1
1
1
1
1
1
1
1
1
1
0.982059
0.90766
0.835662
0.766064
0.698866
0.634067
0.571669
0.51167
0.454072
0.398873
0.346075
0.295676
0.247677
0.202078
0.158879
0.11808
0.0796813
0.0436821
0.0100829
0
0
0
0
0
0
0
0
0
0
0
0
0
0
0
0
0
0
0
0
0
0
0
0
0
0
0.0100829
0.0436821
0.0796812
0.11808
0.158879
0.202078
0.247677
0.295676
0.346075
0.398873
0.454072
0.51167
0.571669
0.634067
0.698866
0.766064
0.835662
0.90766
0.982059
1
1
1
1
1
1
1
1
1
1
1
1
1
1
1
1
1
1
1
1
1
1
1
1
1
1
1
1
1
1
1
1
1
1
1
1
1
0.92686
0.854861
0.785263
0.718065
0.653267
0.590868
0.53087
0.473271
0.418073
0.365274
0.314875
0.266877
0.221278
0.178079
0.13728
0.0988807
0.0628816
0.0292824
0
0
0
0
0
0
0
0
0
0
0
0
0
0
0
0
0
0
0
0
0
0
0
0
0
0
0.0292824
0.0628816
0.0988807
0.13728
0.178079
0.221278
0.266877
0.314875
0.365274
0.418073
0.473271
0.53087
0.590868
0.653267
0.718065
0.785263
0.854861
0.92686
1
1
1
1
1
1
1
1
1
1
1
1
1
1
1
1
1
1
1
1
1
1
1
1
1
1
1
1
1
1
1
1
1
1
1
1
1
1
0.948459
0.876461
0.806862
0.739664
0.674866
0.612467
0.552469
0.49487
0.439672
0.386873
0.336475
0.288476
0.242877
0.199678
0.158879
0.12048
0.084481
0.0508818
0.0196826
0
0
0
0
0
0
0
0
0
0
0
0
0
0
0
0
0
0
0
0
0
0
0
0
0.0196826
0.0508818
0.084481
0.12048
0.158879
0.199678
0.242877
0.288476
0.336475
0.386873
0.439672
0.49487
0.552469
0.612467
0.674866
0.739664
0.806862
0.876461
0.948459
1
1
1
1
1
1
1
1
1
1
1
1
1
1
1
1
1
1
1
1
1
1
1
1
1
1
1
1
1
1
1
1
1
1
1
1
1
1
0.972458
0.90046
0.830861
0.763663
0.698865
0.636466
0.576468
0.51887
0.463671
0.410873
0.360474
0.312475
0.266876
0.223677
0.182879
0.144479
0.10848
0.0748812
0.043682
0.0148827
0
0
0
0
0
0
0
0
0
0
0
0
0
0
0
0
0
0
0
0
0
0
0.0148827
0.043682
0.0748812
0.10848
0.144479
0.182878
0.223677
0.266876
0.312475
0.360474
0.410873
0.463671
0.51887
0.576468
0.636466
0.698865
0.763663
0.830861
0.90046
0.972458
1
1
1
1
1
1
1
1
1
1
1
1
1
1
1
1
1
1
1
1
1
1
1
1
1
1
1
1
1
1
1
1
1
1
1
1
1
1
0.998857
0.926859
0.85726
0.790062
0.725264
0.662865
0.602867
0.545269
0.49007
0.437272
0.386873
0.338874
0.293276
0.250077
0.209278
0.170879
0.13488
0.101281
0.0700813
0.041282
0.0148827
0
0
0
0
0
0
0
0
0
0
0
0
0
0
0
0
0
0
0
0
0.0148827
0.041282
0.0700813
0.101281
0.13488
0.170879
0.209278
0.250077
0.293276
0.338874
0.386873
0.437272
0.49007
0.545269
0.602867
0.662865
0.725264
0.790062
0.85726
0.926859
0.998857
1
1
1
1
1
1
1
1
1
1
1
1
1
1
1
1
1
1
1
1
1
1
1
1
1
1
1
1
1
1
1
1
1
1
1
1
1
1
1
0.955657
0.886059
0.818861
0.754063
0.691664
0.631666
0.574068
0.518869
0.466071
0.415672
0.367673
0.322075
0.278876
0.238077
0.199678
0.163679
0.13008
0.0988806
0.0700813
0.043682
0.0196826
0
0
0
0
0
0
0
0
0
0
0
0
0
0
0
0
0
0
0.0196826
0.043682
0.0700813
0.0988806
0.13008
0.163679
0.199678
0.238077
0.278876
0.322075
0.367673
0.415672
0.466071
0.518869
0.574068
0.631666
0.691664
0.754063
0.818861
0.886059
0.955657
1
1
1
1
1
1
1
1
1
1
1
1
1
1
1
1
1
1
1
1
1
1
1
1
1
1
1
1
1
1
1
1
1
1
1
1
1
1
1
1
0.986856
0.917258
0.85006
0.785262
0.722863
0.662865
0.605267
0.550068
0.49727
0.446871
0.398872
0.353274
0.310075
0.269276
0.230877
0.194878
0.161279
0.13008
0.101281
0.0748812
0.0508818
0.0292824
0.0100829
0
0
0
0
0
0
0
0
0
0
0
0
0
0
0.0100829
0.0292824
0.0508818
0.0748812
0.101281
0.13008
0.161279
0.194878
0.230877
0.269276
0.310075
0.353274
0.398872
0.446871
0.49727
0.550068
0.605267
0.662865
0.722863
0.785262
0.85006
0.917258
0.986856
1
1
1
1
1
1
1
1
1
1
1
1
1
1
1
1
1
1
1
1
1
1
1
1
1
1
1
1
1
1
1
1
1
1
1
1
1
1
1
1
1
0.950857
0.883659
0.81886
0.756462
0.696464
0.638865
0.583667
0.530868
0.48047
0.432471
0.386873
0.343674
0.302875
0.264476
0.228477
0.194878
0.163679
0.13488
0.10848
0.084481
0.0628816
0.0436821
0.0268825
0.0124829
0.000483227
0
0
0
0
0
0
0
0
0.000483222
0.0124829
0.0268825
0.0436821
0.0628816
0.084481
0.10848
0.13488
0.163679
0.194878
0.228477
0.264476
0.302875
0.343674
0.386873
0.432471
0.48047
0.530868
0.583667
0.638865
0.696464
0.756462
0.81886
0.883659
0.950857
1
1
1
1
1
1
1
1
1
1
1
1
1
1
1
1
1
1
1
1
1
1
1
1
1
1
1
1
1
1
1
1
1
1
1
1
1
1
1
1
1
1
0.986855
0.919657
0.854859
0.792461
0.732462
0.674864
0.619666
0.566867
0.516469
0.46847
0.422871
0.379673
0.338874
0.300475
0.264476
0.230877
0.199678
0.170879
0.144479
0.12048
0.0988807
0.0796813
0.0628817
0.0484821
0.0364824
0.0268827
0.0196829
0.014883
0.0124831
0.0124831
0.014883
0.0196829
0.0268827
0.0364824
0.0484821
0.0628817
0.0796812
0.0988807
0.12048
0.144479
0.170879
0.199678
0.230877
0.264476
0.300475
0.338874
0.379673
0.422871
0.46847
0.516469
0.566867
0.619666
0.674864
0.732462
0.792461
0.854859
0.919657
0.986855
1
1
1
1
1
1
1
1
1
1
1
1
1
1
1
1
1
1
1
1
1
1
1
1
1
1
1
1
1
1
1
1
1
1
1
1
1
1
1
1
1
1
1
0.958056
0.893258
0.830859
0.770861
0.713263
0.658064
0.605266
0.554867
0.506869
0.46127
0.418072
0.377273
0.338874
0.302875
0.269276
0.238077
0.209278
0.182878
0.158879
0.13728
0.11808
0.101281
0.0868812
0.0748816
0.0652818
0.058082
0.0532822
0.0508822
0.0508822
0.0532822
0.058082
0.0652818
0.0748816
0.0868812
0.101281
0.11808
0.13728
0.158879
0.182878
0.209278
0.238077
0.269276
0.302875
0.338874
0.377273
0.418072
0.46127
0.506869
0.554867
0.605266
0.658064
0.713263
0.770861
0.830859
0.893258
0.958056
1
1
1
1
1
1
1
1
1
1
1
1
1
1
1
1
1
1
1
1
1
1
1
1
1
1
1
1
1
1
1
1
1
1
1
1
1
1
1
1
1
1
1
1
0.998854
0.934056
0.871658
0.81166
0.754061
0.698863
0.646065
0.595666
0.547668
0.502069
0.45887
0.418072
0.379673
0.343674
0.310075
0.278876
0.250077
0.223677
0.199678
0.178079
0.158879
0.14208
0.12768
0.115681
0.106081
0.0988811
0.0940812
0.0916813
0.0916813
0.0940812
0.0988811
0.106081
0.115681
0.12768
0.14208
0.158879
0.178079
0.199678
0.223677
0.250077
0.278876
0.310075
0.343674
0.379673
0.418072
0.45887
0.502069
0.547668
0.595666
0.646065
0.698863
0.754061
0.81166
0.871658
0.934056
0.998854
1
1
1
1
1
1
1
1
1
1
1
1
1
1
1
1
1
1
1
1
1
1
1
1
1
1
1
1
1
1
1
1
1
1
1
1
1
1
1
1
1
1
1
1
1
0.977255
0.914856
0.854858
0.79726
0.742062
0.689263
0.638865
0.590866
0.545268
0.502069
0.46127
0.422871
0.386873
0.353274
0.322075
0.293276
0.266876
0.242877
0.221278
0.202078
0.185279
0.170879
0.15888
0.14928
0.14208
0.13728
0.13488
0.13488
0.13728
0.14208
0.14928
0.15888
0.170879
0.185279
0.202078
0.221278
0.242877
0.266876
0.293276
0.322075
0.353274
0.386873
0.422871
0.46127
0.502069
0.545268
0.590866
0.638865
0.689263
0.742062
0.79726
0.854858
0.914856
0.977255
1
1
1
1
1
1
1
1
1
1
1
1
1
1
1
1
1
1
1
1
1
1
1
1
1
1
1
1
1
1
1
1
1
1
1
1
1
1
1
1
1
1
1
1
1
1
1
0.960455
0.900457
0.842858
0.78766
0.734862
0.684463
0.636465
0.590866
0.547668
0.506869
0.46847
0.432471
0.398872
0.367673
0.338874
0.312475
0.288476
0.266877
0.247677
0.230878
0.216478
0.204479
0.194879
0.187679
0.182879
0.180479
0.180479
0.182879
0.187679
0.194879
0.204479
0.216478
0.230878
0.247677
0.266877
0.288476
0.312475
0.338874
0.367673
0.398872
0.432471
0.46847
0.506869
0.547668
0.590866
0.636465
0.684463
0.734862
0.78766
0.842858
0.900457
0.960455
1
1
1
1
1
1
1
1
1
1
1
1
1
1
1
1
1
1
1
1
1
1
1
1
1
1
1
1
1
1
1
1
1
1
1
1
1
1
1
1
1
1
1
1
1
1
1
1
1
0.948455
0.890857
0.835658
0.78286
0.732462
0.684463
0.638865
0.595666
0.554867
0.516469
0.48047
0.446871
0.415672
0.386873
0.360474
0.336475
0.314875
0.295676
0.278877
0.264477
0.252477
0.242878
0.235678
0.230878
0.228478
0.228478
0.230878
0.235678
0.242878
0.252477
0.264477
0.278877
0.295676
0.314875
0.336475
0.360474
0.386873
0.415672
0.446871
0.48047
0.516469
0.554867
0.595666
0.638865
0.684463
0.732462
0.78286
0.835658
0.890857
0.948455
1
1
1
1
1
1
1
1
1
1
1
1
1
1
1
1
1
1
1
1
1
1
1
1
1
1
1
1
1
1
1
1
1
1
1
1
1
1
1
1
1
1
1
1
1
1
1
1
1
1
0.998853
0.941255
0.886057
0.833258
0.78286
0.734862
0.689263
0.646065
0.605266
0.566867
0.530868
0.49727
0.466071
0.437272
0.410873
0.386873
0.365274
0.346075
0.329275
0.314876
0.302876
0.293276
0.286077
0.281277
0.278877
0.278877
0.281277
0.286077
0.293276
0.302876
0.314876
0.329275
0.346075
0.365274
0.386873
0.410873
0.437272
0.466071
0.49727
0.530868
0.566867
0.605266
0.646065
0.689263
0.734862
0.78286
0.833258
0.886057
0.941255
0.998853
1
1
1
1
1
1
1
1
1
1
1
1
1
1
1
1
1
1
1
1
1
1
1
1
1
1
1
1
1
1
1
1
1
1
1
1
1
1
1
1
1
1
1
1
1
1
1
1
1
1
1
0.994053
0.938855
0.886057
0.835658
0.78766
0.742062
0.698863
0.658064
0.619666
0.583667
0.550068
0.518869
0.49007
0.463671
0.439672
0.418073
0.398873
0.382074
0.367674
0.355675
0.346075
0.338875
0.334076
0.331676
0.331676
0.334076
0.338875
0.346075
0.355675
0.367674
0.382074
0.398873
0.418073
0.439672
0.463671
0.49007
0.518869
0.550068
0.583667
0.619666
0.658064
0.698863
0.742062
0.78766
0.835658
0.886057
0.938855
0.994053
1
1
1
1
1
1
1
1
1
1
1
1
1
1
1
1
1
1
1
1
1
1
1
1
1
1
1
1
1
1
1
1
1
1
1
1
1
1
1
1
1
1
1
1
1
1
1
1
1
1
1
1
1
0.994053
0.941255
0.890857
0.842858
0.79726
0.754061
0.713263
0.674864
0.638865
0.605267
0.574068
0.545269
0.51887
0.49487
0.473271
0.454072
0.437273
0.422873
0.410873
0.401274
0.394074
0.389274
0.386874
0.386874
0.389274
0.394074
0.401274
0.410873
0.422873
0.437273
0.454072
0.473271
0.49487
0.51887
0.545269
0.574068
0.605267
0.638865
0.674864
0.713263
0.754061
0.79726
0.842858
0.890857
0.941255
0.994053
1
1
1
1
1
1
1
1
1
1
1
1
1
1
1
1
1
1
1
1
1
1
1
1
1
1
1
1
1
1
1
1
1
1
1
1
1
1
1
1
1
1
1
1
1
1
1
1
1
1
1
1
1
1
1
0.998853
0.948455
0.900457
0.854858
0.81166
0.770861
0.732462
0.696464
0.662865
0.631666
0.602867
0.576468
0.552469
0.53087
0.51167
0.494871
0.480472
0.468472
0.458872
0.451673
0.446873
0.444473
0.444473
0.446873
0.451673
0.458872
0.468472
0.480472
0.494871
0.51167
0.53087
0.552469
0.576468
0.602867
0.631666
0.662865
0.696464
0.732462
0.770861
0.81166
0.854858
0.900457
0.948455
0.998853
1
1
1
1
1
1
1
1
1
1
1
1
1
1
1
1
1
1
1
1
1
1
1
1
1
1
1
1
1
1
1
1
1
1
1
1
1
1
1
1
1
1
1
1
1
1
1
1
1
1
1
1
1
1
1
1
1
1
0.960455
0.914856
0.871658
0.830859
0.792461
0.756462
0.722863
0.691664
0.662865
0.636466
0.612467
0.590868
0.571669
0.55487
0.54047
0.52847
0.518871
0.511671
0.506871
0.504471
0.504471
0.506871
0.511671
0.518871
0.52847
0.54047
0.554869
0.571669
0.590868
0.612467
0.636466
0.662865
0.691664
0.722863
0.756462
0.792461
0.830859
0.871658
0.914856
0.960455
1
1
1
1
1
1
1
1
1
1
1
1
1
1
1
1
1
1
1
1
1
1
1
1
1
1
1
1
1
1
1
1
1
1
1
1
1
1
1
1
1
1
1
1
1
1
1
1
1
1
1
1
1
1
1
1
1
1
1
1
1
0.977255
0.934056
0.893258
0.854859
0.81886
0.785262
0.754063
0.725264
0.698865
0.674866
0.653267
0.634067
0.617268
0.602868
0.590869
0.581269
0.57407
0.56927
0.56687
0.56687
0.56927
0.57407
0.581269
0.590869
0.602868
0.617268
0.634067
0.653267
0.674866
0.698865
0.725264
0.754063
0.785262
0.81886
0.854859
0.893258
0.934056
0.977255
1
1
1
1
1
1
1
1
1
1
1
1
1
1
1
1
1
1
1
1
1
1
1
1
1
1
1
1
1
1
1
1
1
1
1
1
1
1
1
1
1
1
1
1
1
1
1
1
1
1
1
1
1
1
1
1
1
1
1
1
1
1
1
0.998854
0.958056
0.919657
0.883659
0.85006
0.818861
0.790062
0.763663
0.739664
0.718065
0.698866
0.682066
0.667667
0.655667
0.646068
0.638868
0.634068
0.631668
0.631668
0.634068
0.638868
0.646068
0.655667
0.667667
0.682066
0.698866
0.718065
0.739664
0.763663
0.790062
0.818861
0.85006
0.883659
0.919657
0.958056
0.998854
1
1
1
1
1
1
1
1
1
1
1
1
1
1
1
1
1
1
1
1
1
1
1
1
1
1
1
1
1
1
1
1
1
1
1
1
1
1
1
1
1
1
1
1
1
1
1
1
1
1
1
1
1
1
1
1
1
1
1
1
1
1
1
1
1
1
0.986855
0.950857
0.917258
0.886059
0.85726
0.830861
0.806862
0.785263
0.766064
0.749265
0.734865
0.722866
0.713266
0.706066
0.701266
0.698867
0.698867
0.701266
0.706066
0.713266
0.722866
0.734865
0.749265
0.766064
0.785263
0.806862
0.830861
0.85726
0.886059
0.917258
0.950857
0.986855
1
1
1
1
1
1
1
1
1
1
1
1
1
1
1
1
1
1
1
1
1
1
1
1
1
1
1
1
1
1
1
1
1
1
1
1
1
1
1
1
1
1
1
1
1
1
1
1
1
1
1
1
1
1
1
1
1
1
1
1
1
1
1
1
1
1
1
1
1
1
0.986856
0.955657
0.926859
0.90046
0.876461
0.854861
0.835662
0.818863
0.804463
0.792464
0.782864
0.775665
0.770865
0.768465
0.768465
0.770865
0.775665
0.782864
0.792464
0.804463
0.818863
0.835662
0.854861
0.876461
0.90046
0.926859
0.955657
0.986856
1
1
1
1
1
1
1
1
1
1
1
1
1
1
1
1
1
1
1
1
1
1
1
1
1
1
1
1
1
1
1
1
1
1
1
1
1
1
1
1
1
1
1
1
1
1
1
1
1
1
1
1
1
1
1
1
1
1
1
1
1
1
1
1
1
1
1
1
1
1
1
1
1
1
0.998857
0.972458
0.948459
0.92686
0.90766
0.890861
0.876462
0.864462
0.854863
0.847663
0.842863
0.840463
0.840463
0.842863
0.847663
0.854863
0.864462
0.876462
0.890861
0.90766
0.92686
0.948459
0.972458
0.998857
1
1
1
1
1
1
1
1
1
1
1
1
1
1
1
1
1
1
1
1
1
1
1
1
1
1
1
1
1
1
1
1
1
1
1
1
1
1
1
1
1
1
1
1
1
1
1
1
1
1
1
1
1
1
1
1
1
1
1
1
1
1
1
1
1
1
1
1
1
1
1
1
1
1
1
1
1
1
1
1
0.982059
0.965259
0.95086
0.93886
0.929261
0.922061
0.917261
0.914861
0.914861
0.917261
0.922061
0.929261
0.93886
0.95086
0.965259
0.982059
1
1
1
1
1
1
1
1
1
1
1
1
1
1
1
1
1
1
1
1
1
1
1
1
1
1
1
1
1
1
1
1
1
1
1
1
1
1
1
1
1
1
1
1
1
1
1
1
1
1
1
1
1
1
1
1
1
1
1
1
1
1
1
1
1
1
1
1
1
1
1
1
1
1
1
1
1
1
1
1
1
1
1
1
1
1
1
1
1
0.998859
0.99406
0.99166
0.99166
0.99406
0.998859
1
1
1
1
1
1
1
1
1
1
1
1
1
1
1
1
1
1
1
1
1
1
1
1
1
1
1
1
1
1
1
1
1
1
1
1
1
1
1
1
1
1
1
1
1
1
1
1
1
1
1
1
1
1
1
1
1
1
1
1
1
1
1
1
1
1
1
1
1
1
1
1
1
1
1
1
1
1
1
1
1
1
1
1
1
1
1
1
1
1
1
1
1
1
1
1
1
1
1
1
1
1
1
1
1
1
1
1
1
1
1
1
1
1
1
1
1
1
1
1
1
1
1
1
1
1
1
1
1
1
1
1
1
1
1
1
1
1
1
1
1
1
1
1
1
1
1
1
1
1
1
1
1
1
1
1
1
1
1
1
1
1
1
1
1
1
1
1
1
1
1
1
1
1
1
1
1
1
1
1
1
1
1
1
1
1
1
1
1
1
1
1
1
1
1
1
1
1
1
1
1
1
1
1
1
1
1
1
1
1
1
1
1
1
1
1
1
1
1
1
1
1
1
1
1
1
1
1
1
1
1
1
1
1
1
1
1
1
1
1
1
1
1
1
1
1
1
1
1
1
1
1
1
1
1
1
1
1
1
1
1
1
1
1
1
1
1
1
1
1
1
1
1
1
1
1
1
1
1
1
1
1
1
1
1
1
1
1
1
1
1
1
1
1
1
1
1
1
1
1
1
1
1
1
1
1
1
1
1
1
1
1
1
1
1
1
1
1
1
1
1
1
1
1
1
1
1
1
1
1
1
1
1
1
1
1
1
1
1
1
1
1
1
1
1
1
1
1
1
1
1
1
1
1
1
1
1
1
1
1
1
1
1
1
1
1
1
1
1
1
1
1
1
1
1
1
1
1
1
1
1
1
1
1
1
1
1
1
1
1
1
1
1
1
1
1
1
1
1
1
1
1
1
1
1
1
1
1
1
1
1
1
1
1
1
1
1
1
1
1
1
1
1
1
1
1
1
1
1
1
1
1
1
1
1
1
1
1
1
1
1
1
1
1
1
1
1
1
1
1
1
1
1
1
1
1
1
1
1
1
1
1
1
1
1
1
1
1
1
1
1
1
1
1
1
1
1
1
1
1
1
1
1
1
1
1
1
1
1
1
1
1
1
1
1
1
1
1
1
1
1
1
1
1
1
1
1
1
1
1
1
1
1
1
1
1
1
1
1
1
1
1
1
1
1
1
1
1
1
1
1
1
1
1
1
1
1
1
1
1
1
1
1
1
1
1
1
1
1
1
1
1
1
1
1
1
1
1
1
1
1
1
1
1
1
1
1
1
1
1
1
1
1
1
1
1
1
1
1
1
1
1
1
1
1
1
1
1
1
1
1
1
1
1
1
1
1
1
1
1
1
1
1
1
1
1
1
1
1
1
1
1
1
1
1
1
1
1
1
1
1
1
1
1
1
1
1
1
1
1
1
1
1
1
1
1
1
1
1
1
1
1
1
1
1
1
1
1
1
1
1
1
1
1
1
1
1
1
1
1
1
1
1
1
1
1
1
1
1
1
1
1
1
1
1
1
1
1
1
1
1
1
1
1
1
1
1
1
1
1
1
1
1
1
1
1
1
1
1
1
1
1
1
1
1
1
1
1
1
1
1
1
1
1
1
1
1
1
1
1
1
1
1
1
1
1
1
1
1
1
1
1
1
1
1
1
1
1
1
1
1
1
1
1
1
1
1
1
1
1
1
1
1
1
1
1
1
1
1
1
1
1
1
1
1
1
1
1
1
1
1
1
1
1
1
1
1
1
1
1
1
1
1
1
1
1
1
1
1
1
1
1
1
1
1
1
1
1
1
1
1
1
1
1
1
1
1
1
1
1
1
1
1
1
1
1
1
1
1
1
1
1
1
1
1
1
1
1
1
1
1
1
1
1
1
1
1
1
1
1
1
1
1
1
1
1
1
1
1
1
1
1
1
1
1
1
1
1
1
1
1
1
1
1
1
1
1
1
1
1
1
1
1
1
1
1
1
1
1
1
1
1
1
1
1
1
1
1
1
1
1
1
1
1
1
1
1
1
1
1
1
1
1
1
1
1
1
1
1
1
1
1
1
1
1
1
1
1
1
1
1
1
1
1
1
1
1
1
1
1
1
1
1
1
1
1
1
1
1
1
1
1
1
1
1
1
1
1
1
1
1
1
1
1
1
1
1
1
1
1
1
1
1
1
1
1
1
1
1
1
1
1
1
1
1
1
1
1
1
1
1
1
1
1
1
1
1
1
1
1
1
1
1
1
1
1
1
1
1
1
1
1
1
1
1
1
1
1
1
1
1
1
1
1
1
1
1
1
1
1
1
1
1
1
1
1
1
1
1
1
1
1
1
1
1
1
1
1
1
1
1
1
1
1
1
1
1
1
1
1
1
1
1
1
1
1
1
1
1
1
1
1
1
1
1
1
1
1
1
1
1
1
1
1
1
1
1
1
1
1
1
1
1
1
1
1
1
1
1
1
1
1
1
1
1
1
1
1
1
1
1
1
1
1
1
1
1
1
1
1
1
1
1
1
1
1
1
1
1
1
1
1
1
1
1
1
1
1
1
1
1
1
1
1
1
1
1
1
1
1
1
1
1
1
1
1
1
1
1
1
1
1
1
1
1
1
1
1
1
1
1
1
1
1
1
1
1
1
1
1
1
1
1
1
1
1
1
1
1
1
1
1
1
1
1
1
1
1
1
1
1
1
1
1
1
1
1
1
1
1
1
1
1
1
1
1
1
1
1
1
1
1
1
1
1
1
1
1
1
1
1
1
1
1
1
1
1
1
1
1
1
1
1
1
1
1
1
1
1
1
1
1
1
1
1
1
1
1
1
1
1
1
1
1
1
1
1
1
1
1
1
1
1
1
1
1
1
1
1
1
1
1
1
1
1
1
1
1
1
1
1
1
1
1
1
1
1
1
1
1
1
1
1
1
1
1
1
1
1
1
1
1
1
1
1
1
1
1
1
1
1
1
1
1
1
1
1
1
1
1
1
1
1
1
1
1
1
1
1
1
1
1
1
1
1
1
1
1
1
1
1
1
1
1
1
1
1
1
1
1
1
1
1
1
1
1
1
1
1
1
1
1
1
1
1
1
1
1
1
1
1
1
1
1
1
1
1
1
1
1
1
1
1
1
1
1
1
1
1
1
1
1
1
1
1
1
1
1
1
1
1
1
1
1
1
1
1
1
1
1
1
1
1
1
1
1
1
1
1
1
1
1
1
1
1
1
1
1
1
1
1
1
1
1
1
1
1
1
1
1
1
1
1
1
1
1
1
1
1
1
1
1
1
1
1
1
1
1
1
1
1
1
1
1
1
1
1
1
1
1
1
1
1
1
1
1
1
1
1
1
1
1
1
1
1
1
1
1
1
1
1
1
1
1
1
1
1
1
1
1
1
1
1
1
1
1
1
1
1
1
1
1
1
1
1
1
1
1
1
1
1
1
1
1
1
1
1
1
1
1
1
1
1
1
1
1
1
1
1
1
1
1
1
1
1
1
1
1
1
1
1
1
1
1
1
1
1
1
1
1
1
1
1
1
1
1
1
1
1
1
1
1
1
1
1
1
1
1
1
1
1
1
1
1
1
1
1
1
1
1
1
1
1
1
1
1
1
1
1
1
1
1
1
1
1
1
1
1
1
1
1
1
1
1
1
1
1
1
1
1
1
1
1
1
1
1
1
1
1
1
1
1
1
1
1
1
1
1
1
1
1
1
1
1
1
1
1
1
1
1
1
1
1
1
1
1
1
1
1
1
1
1
1
1
1
1
1
1
1
1
1
1
1
1
1
1
1
1
1
1
1
1
1
1
1
1
1
1
1
1
1
1
1
1
1
1
1
1
1
1
1
1
1
1
1
1
1
1
1
1
1
1
1
1
1
1
1
1
1
1
1
1
1
1
1
1
1
1
1
1
1
1
1
1
1
1
1
1
1
1
1
1
1
1
1
1
1
)
;

boundaryField
{
    backAndFront
    {
        type            empty;
    }
    dirichletBoundary
    {
        type            fixedValue;
        value           uniform 0;
    }
}


// ************************************************************************* //
