/*--------------------------------*- C++ -*----------------------------------*\
| =========                 |                                                 |
| \\      /  F ield         | OpenFOAM: The Open Source CFD Toolbox           |
|  \\    /   O peration     | Version:  v1806                                 |
|   \\  /    A nd           | Web:      www.OpenFOAM.com                      |
|    \\/     M anipulation  |                                                 |
\*---------------------------------------------------------------------------*/
FoamFile
{
    version     2.0;
    format      ascii;
    class       volScalarField;
    location    "2";
    object      uDiff;
}
// * * * * * * * * * * * * * * * * * * * * * * * * * * * * * * * * * * * * * //

dimensions      [0 0 0 0 0 0 0];


internalField   nonuniform List<scalar> 
10000
(
0
0
0
0
0
0
0
0
0
0
0
0
0
0
0
0
0
0
0
0
0
0
0
0
0
0
0
0
0
0
0
0
0
0
0
0
0
0
0
0
0
0
0
0
0
0
0
0
0
0
0
0
0
0
0
0
0
0
0
0
0
0
0
0
0
0
0
0
0
0
0
0
0
0
0
0
0
0
0
0
0
0
0
0
0
0
0
0
0
0
0
0
0
0
0
0
0
0
0
0
0
0
0
0
0
0
0
0
0
0
0
0
0
0
0
0
0
0
0
0
0
0
0
0
0
0
0
0
0
0
0
0
0
0
0
0
0
0
0
0
0
0
0
0
0
0
0
0
0
0
0
0
0
0
0
0
0
0
0
0
0
0
0
0
0
0
0
0
0
0
0
0
0
0
0
0
0
0
0
0
0
0
0
0
0
0
0
0
0
0
0
0
0
0
0
0
0
0
0
0
0
0
0
0
0
0
0
0
0
0
0
0
0
0
0
0
0
0
0
0
0
0
0
0
0
0
0
0
0
0
0
0
0
0
0
0
0
0
0
0
0
0
0
0
0
0
0
0
0
0
0
0
0
0
0
0
0
0
0
0
0
0
0
0
0
0
0
0
0
0
0
0
0
0
0
0
0
0
0
0
0
0
0
0
0
0
0
0
0
0
0
0
0
0
0
0
0
0
0
0
0
0
0
0
0
0
0
0
0
0
0
0
0
0
0
0
0
0
0
0
0
0
0
0
0
0
0
0
0
0
0
0
0
0
0
0
0
0
0
0
0
0
0
0
0
0
0
0
0
0
0
0
0
0
0
0
0
0
0
0
0
0
0
0
0
0
0
0
0
0
0
0
0
0
0
0
0
0
0
0
0
0
0
0
0
0
0
0
0
0
0
0
0
0
0
0
0
0
0
0
0
0
0
0
0
0
0
0
0
0
0
0
0
0
0
0
0
0
0
0
0
0
0
0
0
0
0
0
0
0
0
0
0
0
0
0
0
0
0
0
0
0
0
0
0
0
0
0
0
0
0
0
0
0
0
0
0
0
0
0
0
0
0
0
0
0
0
0
0
0
0
0
0
0
0
0
0
0
0
0
0
0
0
0
0
0
0
0
0
0
0
0
0
0
0
0
0
0
0
0
0
0
0
0
0
0
0
0
0
0
0
0
0
0
0
0
0
0
0
0
0
0
0
0
0
0
0
0
0
0
0
0
0
0
0
0
0
0
0
0
0
0
0
0
0
0
0
0
0
0
0
0
0
0
0
0
0
0
0
0
0
0
0
0
0
0
0
0
0
0
0
0
0
0
0
0
0
0
0
0
0
0
0
0
0
0
0
0
0
0
0
0
0
0
0
0
0
0
0
0
0
0
0
0
0
0
0
0
0
0
0
0
0
0
0
0
0
0
0
0
0
0
0
0
0
0
0
0
0
0
0
0
0
0
0
0
0
0
0
0
0
0
0
0
0
0
0
0
0
0
0
0
0
0
0
0
0
0
0
0
0
0
0
0
0
0
0
0
0
0
0
0
0
0
0
0
0
0
0
0
0
0
0
0
0
0
0
0
0
0
0
0
0
0
0
0
0
0
0
0
0
0
0
0
0
0
0
0
0
0
0
0
0
0
0
0
0
0
0
0
0
0
0
0
0
0
0
0
0
0
0
0
0
0
0
0
0
0
0
0
0
0
0
0
0
0
0
0
0
0
0
0
0
0
0
0
0
0
0
0
0
0
0
0
0
0
0
0
0
0
0
0
0
0
0
0
0
0
0
0
0
0
0
0
0
0
0
0
0
0
0
0
0
0
0
0
0
0
0
0
0
0
0
0
0
0
0
0
0
0
0
0
0
0
0
0
0
0
0
0
0
0
0
0
0
0
0
0
0
0
0
0
0
0
0
0
0
0
0
0
0
0
0
0
0
0
0
0
0
0
0
0
0
0
0
0
0
0
0
0
0
0
0
0
0
0
0
0
0
0
0
0
0
0
0
0
0
0
0
0
0
0
0
0
0
0
0
0
0
0
0
0
0
0
0
0
0
0
0
0
0
0
0
0
0
0
0
0
0
0
0
0
0
0
0
0
0
0
0
0
0
0
0
0
0
0
0
0
0
0
0
0
0
0
0
0
0
0
0
0
0
0
0
0
0
0
0
0
0
0
0
0
0
0
0
0
0
0
0
0
0
0
0
0
0
0
0
0
0
0
0
0
0
0
0
0
0
0
0
0
0
0
0
0
0
0
0
0
0
0
0
0
0
0
0
0
0
0
0
0
0
0
0
0
0
0
0
0
0
0
0
0
0
0
0
0
0
0
0
0
0
0
0
0
0
0
0
0
0
0
0
0
0
0
0
0
0
0
0
0
0
0
0
0
0
0
0
0
0
0
0
0
0
0
0
0
0
0
0
0
0
0
0
0
0
0
0
0
0
0
0
0
0
0
0
0
0
0
0
0
0
0
0
0
0
0
0
0
0
0
0
0
0
0
0
0
0
0
0
0
0
0
0
0
0
0
0
0
0
0
0
0
0
0
0
0
0
0
0
0
0
0
0
0
0
0
0
0
0
0
0
0
0
0
0
0
0
0
0
0
0
0
0
0
0
0
0
0
0
0
0
0
0
0
0
0
0
0
0
0
0
0
0
0
0
0
0
0
0
0
0
0
0
0
0
0
0
0
0
0
0
0
0
0
0
0
0
0
0
0
0
0
0
0
0
0
0
0
0
0
0
0
0
0
0
0
0
0
0
0
0
0
0
0
0
0
0
0
0
0
0
0
0
0
0
0
0
0
0
0
0
0
0
0
0
0
0
0
0
0
0
0
0
0
0
0
0
0
0
0
0
0
0
0
0
0
0
0
0
0
0
0
0
0
0
0
0
0
0
0
0
0
0
0
0
0
0
0
0
0
0
0
0
0
0
0
0
0
0
0
0
0
0
0
0
0
0
0
0
0
0
0
0
0
0
0
0
0
0
0
0
0
0
0
0
0
0
0
0
0
0
0
0
0
0
0
0
0
0
0
0
0
0
0
0
0
0
0
0
0
0
0
0
0
0
0
0
0
0
0
0
0
0
0
0
0
0
0
0
0
0
0
0
0
0
0
0
0
0
0
0
0
0
0
0
0
0
0
0
0
0
0
0
0
0
0
0
0
0
0
0
0
0
0
0
0
0
0
0
0
0
0
0
0
0
0
0
0
0
0
0
0
0
0
0
0
0
0
0
0
0
0
0
0
0
0
0
0
0
0
0
0
0
0
0
0
0
0
0
0
0
0
0
0
0
0
0
0
0
0
0
0
0
0
0
0
0
0
0
0
0
0
0
0
0
0
0
0
0
0
0
0
0
0
0
0
0
0
0
0
0
0
0
0
0
0
0
0
0
0
0
0
0
0
0
0
0
0
0
0
0
0
0
0
0
0
0
0
0
0
0
0
0
0
0
0
0
0
0
0
0
0
0
0
0
0
0
0
0
0
0
0
0
0
0
0
0
0
0
0
0
0
0
0
0
0
0
0
0
0
0
0
0
0
0
0
0
0
0
0
0
0
0
0
0
0
0
0
0
0
0
0
0
0
0
0
0
0
0
0
0
0
0
0
0
0
0
0
0
0
0
0
0
0
0
0
0
0
0
0
0
0
0
0
0
0
0
0
0
0
0
0
0
0
0
0
0
0
0
0
0
0
0
0
0
0
0
0
0
0
0
0
0
0
0
0
0
0
0
0
0
0
0
0
0
0
0
0
0
0
0
0
0
0
0
0
0
0
0
0
0
0
0
0
0
0
0
0
0
0
0
0
0
0
0
0
0
0
0
0
0
0
0
0
0
0
0
0
0
0
0
0
0
0
0
0
0
0
0
0
0
0
0
0
0
0
0
0
0
0
0
0
0
0
0
0
0
0
0
0
0
0
0
0
0
0
0
0
0
0
0
0
0
0
0
0
0
0
0
0
0
0
0
0.015133
0.029533
0.041533
0.051133
0.0571924
0.0571926
0.0571927
0.0571927
0.0571926
0.0571924
0.051133
0.041533
0.029533
0.015133
0
0
0
0
0
0
0
0
0
0
0
0
0
0
0
0
0
0
0
0
0
0
0
0
0
0
0
0
0
0
0
0
0
0
0
0
0
0
0
0
0
0
0
0
0
0
0
0
0
0
0
0
0
0
0
0
0
0
0
0
0
0
0
0
0
0
0
0
0
0
0
0
0
0
0
0
0
0
0
0
0
0
0.010333
0.034333
0.055933
0.0571917
0.0571924
0.057193
0.0571935
0.0571938
0.0571941
0.0571944
0.0571945
0.0571945
0.0571944
0.0571942
0.0571939
0.0571935
0.057193
0.0571924
0.0571917
0.055933
0.034333
0.010333
0
0
0
0
0
0
0
0
0
0
0
0
0
0
0
0
0
0
0
0
0
0
0
0
0
0
0
0
0
0
0
0
0
0
0
0
0
0
0
0
0
0
0
0
0
0
0
0
0
0
0
0
0
0
0
0
0
0
0
0
0
0
0
0
0
0
0
0
0
0
0
0
0
0
0
0
0.029533
0.0571898
0.0571908
0.0571918
0.0571927
0.0571934
0.0571941
0.0571947
0.0571952
0.0571956
0.0571959
0.0571961
0.0571962
0.0571962
0.0571961
0.0571959
0.0571956
0.0571952
0.0571947
0.0571941
0.0571934
0.0571927
0.0571918
0.0571908
0.0571898
0.029533
0
0
0
0
0
0
0
0
0
0
0
0
0
0
0
0
0
0
0
0
0
0
0
0
0
0
0
0
0
0
0
0
0
0
0
0
0
0
0
0
0
0
0
0
0
0
0
0
0
0
0
0
0
0
0
0
0
0
0
0
0
0
0
0
0
0
0
0
0
0
0
0.000733
0.036733
0.0571893
0.0571905
0.0571916
0.0571926
0.0571936
0.0571944
0.0571952
0.0571959
0.0571964
0.0571969
0.0571973
0.0571976
0.0571978
0.0571979
0.0571979
0.0571978
0.0571976
0.0571973
0.0571969
0.0571964
0.0571959
0.0571952
0.0571944
0.0571936
0.0571926
0.0571916
0.0571905
0.0571893
0.036733
0.000733
0
0
0
0
0
0
0
0
0
0
0
0
0
0
0
0
0
0
0
0
0
0
0
0
0
0
0
0
0
0
0
0
0
0
0
0
0
0
0
0
0
0
0
0
0
0
0
0
0
0
0
0
0
0
0
0
0
0
0
0
0
0
0
0
0
0
0
0.031933
0.0571884
0.0571898
0.057191
0.0571922
0.0571933
0.0571944
0.0571953
0.0571961
0.0571969
0.0571976
0.0571981
0.0571986
0.057199
0.0571993
0.0571995
0.0571996
0.0571996
0.0571995
0.0571993
0.057199
0.0571986
0.0571981
0.0571976
0.0571969
0.0571962
0.0571953
0.0571944
0.0571933
0.0571922
0.0571911
0.0571898
0.0571884
0.031933
0
0
0
0
0
0
0
0
0
0
0
0
0
0
0
0
0
0
0
0
0
0
0
0
0
0
0
0
0
0
0
0
0
0
0
0
0
0
0
0
0
0
0
0
0
0
0
0
0
0
0
0
0
0
0
0
0
0
0
0
0
0
0
0
0.015133
0.0571874
0.0571888
0.0571902
0.0571916
0.0571928
0.057194
0.0571951
0.0571961
0.057197
0.0571979
0.0571986
0.0571993
0.0571998
0.0572003
0.0572007
0.057201
0.0572011
0.0572012
0.0572012
0.0572011
0.057201
0.0572007
0.0572003
0.0571998
0.0571993
0.0571986
0.0571979
0.057197
0.0571961
0.0571951
0.057194
0.0571928
0.0571916
0.0571902
0.0571888
0.0571874
0.015133
0
0
0
0
0
0
0
0
0
0
0
0
0
0
0
0
0
0
0
0
0
0
0
0
0
0
0
0
0
0
0
0
0
0
0
0
0
0
0
0
0
0
0
0
0
0
0
0
0
0
0
0
0
0
0
0
0
0
0
0
0
0.034333
0.0571876
0.0571892
0.0571906
0.057192
0.0571933
0.0571946
0.0571957
0.0571968
0.0571978
0.0571987
0.0571995
0.0572003
0.0572009
0.0572015
0.0572019
0.0572023
0.0572026
0.0572028
0.0572028
0.0572028
0.0572028
0.0572026
0.0572023
0.0572019
0.0572015
0.0572009
0.0572003
0.0571995
0.0571987
0.0571978
0.0571968
0.0571957
0.0571946
0.0571933
0.057192
0.0571906
0.0571892
0.0571876
0.034333
0
0
0
0
0
0
0
0
0
0
0
0
0
0
0
0
0
0
0
0
0
0
0
0
0
0
0
0
0
0
0
0
0
0
0
0
0
0
0
0
0
0
0
0
0
0
0
0
0
0
0
0
0
0
0
0
0
0
0
0.048733
0.0571879
0.0571894
0.0571909
0.0571924
0.0571937
0.057195
0.0571963
0.0571974
0.0571985
0.0571995
0.0572003
0.0572012
0.0572019
0.0572025
0.057203
0.0572035
0.0572039
0.0572041
0.0572043
0.0572044
0.0572044
0.0572043
0.0572041
0.0572039
0.0572035
0.057203
0.0572025
0.0572019
0.0572012
0.0572004
0.0571995
0.0571985
0.0571974
0.0571963
0.0571951
0.0571938
0.0571924
0.0571909
0.0571894
0.0571879
0.048733
0
0
0
0
0
0
0
0
0
0
0
0
0
0
0
0
0
0
0
0
0
0
0
0
0
0
0
0
0
0
0
0
0
0
0
0
0
0
0
0
0
0
0
0
0
0
0
0
0
0
0
0
0
0
0
0
0.005533
0.0571863
0.057188
0.0571896
0.0571912
0.0571927
0.0571941
0.0571955
0.0571967
0.0571979
0.0571991
0.0572001
0.0572011
0.0572019
0.0572027
0.0572034
0.057204
0.0572046
0.057205
0.0572054
0.0572056
0.0572058
0.0572059
0.0572059
0.0572058
0.0572056
0.0572054
0.057205
0.0572046
0.057204
0.0572034
0.0572027
0.0572019
0.0572011
0.0572001
0.0571991
0.0571979
0.0571967
0.0571955
0.0571941
0.0571927
0.0571912
0.0571896
0.057188
0.0571864
0.005533
0
0
0
0
0
0
0
0
0
0
0
0
0
0
0
0
0
0
0
0
0
0
0
0
0
0
0
0
0
0
0
0
0
0
0
0
0
0
0
0
0
0
0
0
0
0
0
0
0
0
0
0
0
0.007933
0.0571864
0.0571881
0.0571898
0.0571914
0.0571929
0.0571944
0.0571958
0.0571971
0.0571984
0.0571995
0.0572006
0.0572017
0.0572026
0.0572035
0.0572042
0.0572049
0.0572055
0.057206
0.0572065
0.0572068
0.0572071
0.0572072
0.0572073
0.0572073
0.0572072
0.0572071
0.0572068
0.0572065
0.057206
0.0572055
0.0572049
0.0572042
0.0572035
0.0572026
0.0572017
0.0572007
0.0571996
0.0571984
0.0571971
0.0571958
0.0571944
0.0571929
0.0571914
0.0571898
0.0571881
0.0571864
0.007933
0
0
0
0
0
0
0
0
0
0
0
0
0
0
0
0
0
0
0
0
0
0
0
0
0
0
0
0
0
0
0
0
0
0
0
0
0
0
0
0
0
0
0
0
0
0
0
0
0
0
0
0.005533
0.0571864
0.0571881
0.0571898
0.0571915
0.057193
0.0571946
0.057196
0.0571974
0.0571987
0.0571999
0.0572011
0.0572022
0.0572032
0.0572041
0.0572049
0.0572057
0.0572063
0.0572069
0.0572074
0.0572078
0.0572082
0.0572084
0.0572086
0.0572087
0.0572087
0.0572086
0.0572084
0.0572082
0.0572078
0.0572074
0.0572069
0.0572063
0.0572057
0.0572049
0.0572041
0.0572032
0.0572022
0.0572011
0.0572
0.0571987
0.0571974
0.057196
0.0571946
0.057193
0.0571915
0.0571898
0.0571881
0.0571864
0.005533
0
0
0
0
0
0
0
0
0
0
0
0
0
0
0
0
0
0
0
0
0
0
0
0
0
0
0
0
0
0
0
0
0
0
0
0
0
0
0
0
0
0
0
0
0
0
0
0
0
0
0.0571863
0.0571881
0.0571898
0.0571915
0.0571931
0.0571947
0.0571962
0.0571976
0.057199
0.0572003
0.0572015
0.0572026
0.0572036
0.0572046
0.0572055
0.0572063
0.057207
0.0572077
0.0572083
0.0572087
0.0572091
0.0572095
0.0572097
0.0572099
0.0572099
0.0572099
0.0572099
0.0572097
0.0572095
0.0572091
0.0572087
0.0572083
0.0572077
0.0572071
0.0572063
0.0572055
0.0572046
0.0572037
0.0572026
0.0572015
0.0572003
0.057199
0.0571976
0.0571962
0.0571947
0.0571931
0.0571915
0.0571898
0.0571881
0.0571864
0
0
0
0
0
0
0
0
0
0
0
0
0
0
0
0
0
0
0
0
0
0
0
0
0
0
0
0
0
0
0
0
0
0
0
0
0
0
0
0
0
0
0
0
0
0
0
0
0
0.048733
0.057188
0.0571898
0.0571915
0.0571931
0.0571947
0.0571963
0.0571977
0.0571991
0.0572005
0.0572017
0.0572029
0.057204
0.057205
0.057206
0.0572069
0.0572076
0.0572083
0.057209
0.0572095
0.05721
0.0572104
0.0572107
0.0572109
0.0572111
0.0572112
0.0572112
0.0572111
0.0572109
0.0572107
0.0572104
0.05721
0.0572095
0.057209
0.0572084
0.0572076
0.0572069
0.057206
0.057205
0.057204
0.0572029
0.0572017
0.0572005
0.0571991
0.0571977
0.0571963
0.0571947
0.0571931
0.0571915
0.0571898
0.057188
0.048733
0
0
0
0
0
0
0
0
0
0
0
0
0
0
0
0
0
0
0
0
0
0
0
0
0
0
0
0
0
0
0
0
0
0
0
0
0
0
0
0
0
0
0
0
0
0
0
0.034333
0.0571879
0.0571896
0.0571914
0.057193
0.0571947
0.0571963
0.0571978
0.0571992
0.0572006
0.0572019
0.0572031
0.0572043
0.0572054
0.0572064
0.0572073
0.0572081
0.0572089
0.0572096
0.0572102
0.0572107
0.0572112
0.0572115
0.0572118
0.0572121
0.0572122
0.0572123
0.0572123
0.0572122
0.0572121
0.0572118
0.0572115
0.0572112
0.0572107
0.0572102
0.0572096
0.0572089
0.0572081
0.0572073
0.0572064
0.0572054
0.0572043
0.0572031
0.0572019
0.0572006
0.0571992
0.0571978
0.0571963
0.0571947
0.057193
0.0571914
0.0571896
0.0571879
0.034333
0
0
0
0
0
0
0
0
0
0
0
0
0
0
0
0
0
0
0
0
0
0
0
0
0
0
0
0
0
0
0
0
0
0
0
0
0
0
0
0
0
0
0
0
0
0.015133
0.0571876
0.0571894
0.0571912
0.0571929
0.0571946
0.0571962
0.0571977
0.0571992
0.0572006
0.057202
0.0572033
0.0572045
0.0572056
0.0572067
0.0572076
0.0572085
0.0572093
0.0572101
0.0572107
0.0572113
0.0572118
0.0572123
0.0572126
0.0572132
0.0572134
0.0572136
0.0572136
0.0572136
0.0572136
0.0572134
0.0572132
0.0572126
0.0572123
0.0572118
0.0572113
0.0572107
0.0572101
0.0572093
0.0572085
0.0572076
0.0572067
0.0572056
0.0572045
0.0572033
0.057202
0.0572006
0.0571992
0.0571977
0.0571962
0.0571946
0.0571929
0.0571912
0.0571894
0.0571876
0.015133
0
0
0
0
0
0
0
0
0
0
0
0
0
0
0
0
0
0
0
0
0
0
0
0
0
0
0
0
0
0
0
0
0
0
0
0
0
0
0
0
0
0
0
0
0.0571874
0.0571892
0.0571909
0.0571927
0.0571944
0.057196
0.0571976
0.0571991
0.0572006
0.057202
0.0572033
0.0572046
0.0572057
0.0572068
0.0572079
0.0572088
0.0572097
0.0572104
0.0572112
0.0572118
0.0572124
0.0572132
0.0572136
0.0572139
0.0572142
0.0572144
0.0572145
0.0572146
0.0572146
0.0572145
0.0572144
0.0572142
0.0572139
0.0572136
0.0572132
0.0572124
0.0572118
0.0572112
0.0572105
0.0572097
0.0572088
0.0572079
0.0572068
0.0572057
0.0572046
0.0572033
0.057202
0.0572006
0.0571991
0.0571976
0.057196
0.0571944
0.0571927
0.0571909
0.0571892
0.0571874
0
0
0
0
0
0
0
0
0
0
0
0
0
0
0
0
0
0
0
0
0
0
0
0
0
0
0
0
0
0
0
0
0
0
0
0
0
0
0
0
0
0
0
0.031933
0.0571888
0.0571906
0.0571924
0.0571941
0.0571958
0.0571974
0.057199
0.0572005
0.0572019
0.0572033
0.0572046
0.0572058
0.0572069
0.057208
0.057209
0.0572099
0.0572107
0.0572115
0.0572122
0.0572131
0.0572136
0.0572141
0.0572145
0.0572149
0.0572152
0.0572154
0.0532822
0.0508822
0.0508822
0.0532822
0.0572154
0.0572152
0.0572149
0.0572145
0.0572141
0.0572136
0.0572131
0.0572122
0.0572115
0.0572107
0.0572099
0.057209
0.057208
0.0572069
0.0572058
0.0572046
0.0572033
0.0572019
0.0572005
0.057199
0.0571974
0.0571958
0.0571941
0.0571924
0.0571906
0.0571888
0.031933
0
0
0
0
0
0
0
0
0
0
0
0
0
0
0
0
0
0
0
0
0
0
0
0
0
0
0
0
0
0
0
0
0
0
0
0
0
0
0
0
0
0.000733
0.0571884
0.0571902
0.057192
0.0571937
0.0571955
0.0571971
0.0571987
0.0572003
0.0572017
0.0572031
0.0572045
0.0572057
0.0572069
0.057208
0.0572091
0.05721
0.0572109
0.0572117
0.0572128
0.0572134
0.057214
0.0572146
0.057215
0.0484821
0.0364824
0.0268827
0.0196829
0.014883
0.0124831
0.0124831
0.014883
0.0196829
0.0268827
0.0364824
0.0484821
0.057215
0.0572146
0.057214
0.0572134
0.0572128
0.0572117
0.0572109
0.05721
0.0572091
0.057208
0.0572069
0.0572057
0.0572045
0.0572031
0.0572017
0.0572003
0.0571987
0.0571971
0.0571955
0.0571938
0.057192
0.0571902
0.0571884
0.000733
0
0
0
0
0
0
0
0
0
0
0
0
0
0
0
0
0
0
0
0
0
0
0
0
0
0
0
0
0
0
0
0
0
0
0
0
0
0
0
0
0.036733
0.0571898
0.0571916
0.0571933
0.057195
0.0571967
0.0571984
0.0571999
0.0572015
0.0572029
0.0572043
0.0572056
0.0572068
0.057208
0.0572091
0.0572101
0.057211
0.0572119
0.057213
0.0572137
0.0572143
0.0572149
0.0436821
0.0268825
0.0124829
0.000483231
0
0
0
0
0
0
0
0
0.000483234
0.0124829
0.0268825
0.0436821
0.0572149
0.0572143
0.0572137
0.057213
0.0572119
0.057211
0.0572101
0.0572091
0.057208
0.0572068
0.0572056
0.0572043
0.0572029
0.0572015
0.0571999
0.0571984
0.0571967
0.0571951
0.0571933
0.0571916
0.0571898
0.036733
0
0
0
0
0
0
0
0
0
0
0
0
0
0
0
0
0
0
0
0
0
0
0
0
0
0
0
0
0
0
0
0
0
0
0
0
0
0
0
0
0.0571893
0.057191
0.0571928
0.0571946
0.0571963
0.0571979
0.0571995
0.0572011
0.0572026
0.057204
0.0572054
0.0572067
0.0572079
0.057209
0.05721
0.057211
0.0572119
0.0572131
0.0572138
0.0572145
0.0508818
0.0292824
0.0100829
0
0
0
0
0
0
0
0
0
0
0
0
0
0
0.0100829
0.0292824
0.0508818
0.0572145
0.0572138
0.0572131
0.0572119
0.057211
0.05721
0.057209
0.0572079
0.0572067
0.0572054
0.057204
0.0572026
0.0572011
0.0571996
0.0571979
0.0571963
0.0571946
0.0571928
0.0571911
0.0571893
0
0
0
0
0
0
0
0
0
0
0
0
0
0
0
0
0
0
0
0
0
0
0
0
0
0
0
0
0
0
0
0
0
0
0
0
0
0
0
0.029533
0.0571905
0.0571922
0.057194
0.0571957
0.0571974
0.0571991
0.0572006
0.0572022
0.0572036
0.057205
0.0572064
0.0572076
0.0572088
0.0572099
0.0572109
0.0572119
0.0572131
0.0572139
0.0572146
0.043682
0.0196826
0
0
0
0
0
0
0
0
0
0
0
0
0
0
0
0
0
0
0.0196826
0.043682
0.0572146
0.0572139
0.0572131
0.0572119
0.0572109
0.0572099
0.0572088
0.0572076
0.0572064
0.057205
0.0572037
0.0572022
0.0572007
0.0571991
0.0571974
0.0571957
0.057194
0.0571922
0.0571905
0.029533
0
0
0
0
0
0
0
0
0
0
0
0
0
0
0
0
0
0
0
0
0
0
0
0
0
0
0
0
0
0
0
0
0
0
0
0
0
0
0.0571898
0.0571916
0.0571933
0.0571951
0.0571968
0.0571985
0.0572001
0.0572017
0.0572032
0.0572046
0.057206
0.0572073
0.0572085
0.0572097
0.0572107
0.0572117
0.057213
0.0572138
0.0572146
0.041282
0.0148827
0
0
0
0
0
0
0
0
0
0
0
0
0
0
0
0
0
0
0
0
0.0148827
0.041282
0.0572146
0.0572138
0.057213
0.0572117
0.0572107
0.0572097
0.0572085
0.0572073
0.057206
0.0572046
0.0572032
0.0572017
0.0572001
0.0571985
0.0571968
0.0571951
0.0571933
0.0571916
0.0571898
0
0
0
0
0
0
0
0
0
0
0
0
0
0
0
0
0
0
0
0
0
0
0
0
0
0
0
0
0
0
0
0
0
0
0
0
0
0.010333
0.0571908
0.0571926
0.0571944
0.0571961
0.0571978
0.0571995
0.0572011
0.0572026
0.0572041
0.0572055
0.0572069
0.0572081
0.0572093
0.0572104
0.0572115
0.0572128
0.0572137
0.0572145
0.043682
0.0148827
0
0
0
0
0
0
0
0
0
0
0
0
0
0
0
0
0
0
0
0
0
0
0.0148827
0.043682
0.0572145
0.0572137
0.0572128
0.0572115
0.0572105
0.0572093
0.0572081
0.0572069
0.0572055
0.0572041
0.0572026
0.0572011
0.0571995
0.0571978
0.0571961
0.0571944
0.0571926
0.0571908
0.010333
0
0
0
0
0
0
0
0
0
0
0
0
0
0
0
0
0
0
0
0
0
0
0
0
0
0
0
0
0
0
0
0
0
0
0
0
0.034333
0.0571918
0.0571936
0.0571953
0.057197
0.0571987
0.0572003
0.0572019
0.0572035
0.0572049
0.0572063
0.0572076
0.0572089
0.0572101
0.0572112
0.0572122
0.0572134
0.0572143
0.0508818
0.0196826
0
0
0
0
0
0
0
0
0
0
0
0
0
0
0
0
0
0
0
0
0
0
0
0
0.0196826
0.0508818
0.0572143
0.0572134
0.0572122
0.0572112
0.0572101
0.0572089
0.0572076
0.0572063
0.0572049
0.0572035
0.0572019
0.0572003
0.0571987
0.057197
0.0571953
0.0571936
0.0571918
0.034333
0
0
0
0
0
0
0
0
0
0
0
0
0
0
0
0
0
0
0
0
0
0
0
0
0
0
0
0
0
0
0
0
0
0
0
0
0.055933
0.0571927
0.0571944
0.0571961
0.0571979
0.0571995
0.0572012
0.0572027
0.0572042
0.0572057
0.057207
0.0572083
0.0572096
0.0572107
0.0572118
0.0572131
0.057214
0.0572149
0.0292824
0
0
0
0
0
0
0
0
0
0
0
0
0
0
0
0
0
0
0
0
0
0
0
0
0
0
0.0292824
0.0572149
0.057214
0.0572131
0.0572118
0.0572107
0.0572096
0.0572083
0.057207
0.0572057
0.0572042
0.0572027
0.0572012
0.0571995
0.0571979
0.0571962
0.0571944
0.0571927
0.055933
0
0
0
0
0
0
0
0
0
0
0
0
0
0
0
0
0
0
0
0
0
0
0
0
0
0
0
0
0
0
0
0
0
0
0
0
0.0571917
0.0571934
0.0571952
0.0571969
0.0571986
0.0572003
0.0572019
0.0572034
0.0572049
0.0572063
0.0572077
0.057209
0.0572102
0.0572113
0.0572124
0.0572136
0.0572146
0.0436821
0.0100829
0
0
0
0
0
0
0
0
0
0
0
0
0
0
0
0
0
0
0
0
0
0
0
0
0
0
0.0100829
0.0436821
0.0572146
0.0572136
0.0572124
0.0572113
0.0572102
0.057209
0.0572077
0.0572063
0.0572049
0.0572034
0.0572019
0.0572003
0.0571986
0.0571969
0.0571952
0.0571934
0.0571917
0
0
0
0
0
0
0
0
0
0
0
0
0
0
0
0
0
0
0
0
0
0
0
0
0
0
0
0
0
0
0
0
0
0
0
0.015133
0.0571924
0.0571941
0.0571959
0.0571976
0.0571993
0.0572009
0.0572025
0.057204
0.0572055
0.0572069
0.0572083
0.0572095
0.0572107
0.0572118
0.0572132
0.0572141
0.057215
0.0268825
0
0
0
0
0
0
0
0
0
0
0
0
0
0
0
0
0
0
0
0
0
0
0
0
0
0
0
0
0.0268825
0.057215
0.0572141
0.0572132
0.0572118
0.0572107
0.0572095
0.0572083
0.0572069
0.0572055
0.057204
0.0572025
0.0572009
0.0571993
0.0571976
0.0571959
0.0571941
0.0571924
0.015133
0
0
0
0
0
0
0
0
0
0
0
0
0
0
0
0
0
0
0
0
0
0
0
0
0
0
0
0
0
0
0
0
0
0
0.029533
0.057193
0.0571947
0.0571964
0.0571981
0.0571998
0.0572015
0.057203
0.0572046
0.057206
0.0572074
0.0572087
0.05721
0.0572112
0.0572123
0.0572136
0.0572145
0.0484821
0.0124829
0
0
0
0
0
0
0
0
0
0
0
0
0
0
0
0
0
0
0
0
0
0
0
0
0
0
0
0
0.0124829
0.0484821
0.0572145
0.0572136
0.0572122
0.0572112
0.05721
0.0572087
0.0572074
0.057206
0.0572046
0.057203
0.0572015
0.0571998
0.0571981
0.0571964
0.0571947
0.057193
0.029533
0
0
0
0
0
0
0
0
0
0
0
0
0
0
0
0
0
0
0
0
0
0
0
0
0
0
0
0
0
0
0
0
0
0
0.041533
0.0571935
0.0571952
0.0571969
0.0571986
0.0572003
0.0572019
0.0572035
0.057205
0.0572065
0.0572078
0.0572091
0.0572104
0.0572115
0.0572126
0.0572139
0.0572149
0.0364824
0.000483231
0
0
0
0
0
0
0
0
0
0
0
0
0
0
0
0
0
0
0
0
0
0
0
0
0
0
0
0
0.000483227
0.0364824
0.0572149
0.0572139
0.0572126
0.0572115
0.0572104
0.0572091
0.0572078
0.0572065
0.057205
0.0572035
0.0572019
0.0572003
0.0571986
0.0571969
0.0571952
0.0571935
0.041533
0
0
0
0
0
0
0
0
0
0
0
0
0
0
0
0
0
0
0
0
0
0
0
0
0
0
0
0
0
0
0
0
0
0
0.051133
0.0571938
0.0571956
0.0571973
0.057199
0.0572007
0.0572023
0.0572039
0.0572054
0.0572068
0.0572082
0.0572095
0.0572107
0.0572118
0.0572132
0.0572142
0.0572152
0.0268827
0
0
0
0
0
0
0
0
0
0
0
0
0
0
0
0
0
0
0
0
0
0
0
0
0
0
0
0
0
0
0.0268827
0.0572152
0.0572142
0.0572132
0.0572118
0.0572107
0.0572095
0.0572082
0.0572068
0.0572054
0.0572039
0.0572023
0.0572007
0.057199
0.0571973
0.0571956
0.0571938
0.051133
0
0
0
0
0
0
0
0
0
0
0
0
0
0
0
0
0
0
0
0
0
0
0
0
0
0
0
0
0
0
0
0
0
0
0.0571924
0.0571941
0.0571959
0.0571976
0.0571993
0.057201
0.0572026
0.0572041
0.0572056
0.0572071
0.0572084
0.0572097
0.0572109
0.0572121
0.0572134
0.0572144
0.0572154
0.0196829
0
0
0
0
0
0
0
0
0
0
0
0
0
0
0
0
0
0
0
0
0
0
0
0
0
0
0
0
0
0
0.0196829
0.0572154
0.0572144
0.0572134
0.0572121
0.0572109
0.0572097
0.0572084
0.0572071
0.0572056
0.0572041
0.0572026
0.057201
0.0571993
0.0571976
0.0571959
0.0571941
0.0571924
0
0
0
0
0
0
0
0
0
0
0
0
0
0
0
0
0
0
0
0
0
0
0
0
0
0
0
0
0
0
0
0
0
0
0.0571926
0.0571944
0.0571961
0.0571978
0.0571995
0.0572011
0.0572028
0.0572043
0.0572058
0.0572072
0.0572086
0.0572099
0.0572111
0.0572122
0.0572136
0.0572145
0.0532822
0.014883
0
0
0
0
0
0
0
0
0
0
0
0
0
0
0
0
0
0
0
0
0
0
0
0
0
0
0
0
0
0
0.014883
0.0532822
0.0572145
0.0572136
0.0572122
0.0572111
0.0572099
0.0572086
0.0572072
0.0572058
0.0572043
0.0572027
0.0572011
0.0571995
0.0571978
0.0571961
0.0571943
0.0571926
0
0
0
0
0
0
0
0
0
0
0
0
0
0
0
0
0
0
0
0
0
0
0
0
0
0
0
0
0
0
0
0
0
0
0.0571927
0.0571945
0.0571962
0.0571979
0.0571996
0.0572012
0.0572028
0.0572044
0.0572059
0.0572073
0.0572087
0.0572099
0.0572112
0.0572123
0.0572136
0.0572146
0.0508822
0.0124831
0
0
0
0
0
0
0
0
0
0
0
0
0
0
0
0
0
0
0
0
0
0
0
0
0
0
0
0
0
0
0.0124831
0.0508822
0.0572146
0.0572136
0.0572123
0.0572111
0.0572099
0.0572087
0.0572073
0.0572059
0.0572044
0.0572028
0.0572012
0.0571996
0.0571979
0.0571962
0.0571944
0.0571927
0
0
0
0
0
0
0
0
0
0
0
0
0
0
0
0
0
0
0
0
0
0
0
0
0
0
0
0
0
0
0
0
0
0
0.0571927
0.0571945
0.0571962
0.0571979
0.0571996
0.0572012
0.0572028
0.0572044
0.0572059
0.0572073
0.0572087
0.0572099
0.0572112
0.0572123
0.0572136
0.0572146
0.0508822
0.0124831
0
0
0
0
0
0
0
0
0
0
0
0
0
0
0
0
0
0
0
0
0
0
0
0
0
0
0
0
0
0
0.0124831
0.0508822
0.0572146
0.0572136
0.0572123
0.0572111
0.0572099
0.0572087
0.0572073
0.0572059
0.0572044
0.0572028
0.0572012
0.0571996
0.0571979
0.0571962
0.0571944
0.0571927
0
0
0
0
0
0
0
0
0
0
0
0
0
0
0
0
0
0
0
0
0
0
0
0
0
0
0
0
0
0
0
0
0
0
0.0571926
0.0571944
0.0571961
0.0571978
0.0571995
0.0572011
0.0572028
0.0572043
0.0572058
0.0572072
0.0572086
0.0572099
0.0572111
0.0572122
0.0572136
0.0572145
0.0532822
0.014883
0
0
0
0
0
0
0
0
0
0
0
0
0
0
0
0
0
0
0
0
0
0
0
0
0
0
0
0
0
0
0.014883
0.0532822
0.0572145
0.0572136
0.0572122
0.0572111
0.0572099
0.0572086
0.0572072
0.0572058
0.0572043
0.0572027
0.0572011
0.0571995
0.0571978
0.0571961
0.0571943
0.0571926
0
0
0
0
0
0
0
0
0
0
0
0
0
0
0
0
0
0
0
0
0
0
0
0
0
0
0
0
0
0
0
0
0
0
0.0571924
0.0571942
0.0571959
0.0571976
0.0571993
0.057201
0.0572026
0.0572041
0.0572056
0.0572071
0.0572084
0.0572097
0.0572109
0.0572121
0.0572134
0.0572144
0.0572154
0.0196829
0
0
0
0
0
0
0
0
0
0
0
0
0
0
0
0
0
0
0
0
0
0
0
0
0
0
0
0
0
0
0.0196829
0.0572154
0.0572144
0.0572134
0.057212
0.0572109
0.0572097
0.0572084
0.057207
0.0572056
0.0572041
0.0572026
0.0572009
0.0571993
0.0571976
0.0571959
0.0571941
0.0571924
0
0
0
0
0
0
0
0
0
0
0
0
0
0
0
0
0
0
0
0
0
0
0
0
0
0
0
0
0
0
0
0
0
0
0.051133
0.0571939
0.0571956
0.0571973
0.057199
0.0572007
0.0572023
0.0572039
0.0572054
0.0572068
0.0572082
0.0572095
0.0572107
0.0572118
0.0572132
0.0572142
0.0572152
0.0268827
0
0
0
0
0
0
0
0
0
0
0
0
0
0
0
0
0
0
0
0
0
0
0
0
0
0
0
0
0
0
0.0268827
0.0572151
0.0572142
0.0572132
0.0572118
0.0572107
0.0572095
0.0572082
0.0572068
0.0572054
0.0572038
0.0572023
0.0572007
0.057199
0.0571973
0.0571956
0.0571938
0.051133
0
0
0
0
0
0
0
0
0
0
0
0
0
0
0
0
0
0
0
0
0
0
0
0
0
0
0
0
0
0
0
0
0
0
0.041533
0.0571935
0.0571952
0.0571969
0.0571986
0.0572003
0.0572019
0.0572035
0.057205
0.0572065
0.0572078
0.0572091
0.0572104
0.0572115
0.0572126
0.0572139
0.0572149
0.0364824
0.000483234
0
0
0
0
0
0
0
0
0
0
0
0
0
0
0
0
0
0
0
0
0
0
0
0
0
0
0
0
0.000483222
0.0364824
0.0572149
0.0572139
0.0572126
0.0572115
0.0572104
0.0572091
0.0572078
0.0572064
0.057205
0.0572035
0.0572019
0.0572003
0.0571986
0.0571969
0.0571952
0.0571934
0.041533
0
0
0
0
0
0
0
0
0
0
0
0
0
0
0
0
0
0
0
0
0
0
0
0
0
0
0
0
0
0
0
0
0
0
0.029533
0.057193
0.0571947
0.0571964
0.0571981
0.0571998
0.0572015
0.057203
0.0572046
0.057206
0.0572074
0.0572087
0.05721
0.0572112
0.0572123
0.0572136
0.0572145
0.0484821
0.0124829
0
0
0
0
0
0
0
0
0
0
0
0
0
0
0
0
0
0
0
0
0
0
0
0
0
0
0
0
0.0124829
0.0484821
0.0572145
0.0572136
0.0572122
0.0572112
0.05721
0.0572087
0.0572074
0.057206
0.0572046
0.057203
0.0572015
0.0571998
0.0571981
0.0571964
0.0571947
0.057193
0.029533
0
0
0
0
0
0
0
0
0
0
0
0
0
0
0
0
0
0
0
0
0
0
0
0
0
0
0
0
0
0
0
0
0
0
0.015133
0.0571924
0.0571941
0.0571959
0.0571976
0.0571993
0.0572009
0.0572025
0.057204
0.0572055
0.0572069
0.0572083
0.0572095
0.0572107
0.0572118
0.0572132
0.0572141
0.057215
0.0268825
0
0
0
0
0
0
0
0
0
0
0
0
0
0
0
0
0
0
0
0
0
0
0
0
0
0
0
0
0.0268825
0.057215
0.0572141
0.0572131
0.0572118
0.0572107
0.0572095
0.0572083
0.0572069
0.0572055
0.057204
0.0572025
0.0572009
0.0571993
0.0571976
0.0571959
0.0571941
0.0571924
0.015133
0
0
0
0
0
0
0
0
0
0
0
0
0
0
0
0
0
0
0
0
0
0
0
0
0
0
0
0
0
0
0
0
0
0
0
0.0571917
0.0571934
0.0571952
0.0571969
0.0571986
0.0572003
0.0572019
0.0572034
0.0572049
0.0572063
0.0572077
0.057209
0.0572102
0.0572113
0.0572124
0.0572136
0.0572146
0.0436821
0.0100829
0
0
0
0
0
0
0
0
0
0
0
0
0
0
0
0
0
0
0
0
0
0
0
0
0
0
0.0100829
0.0436821
0.0572145
0.0572136
0.0572124
0.0572113
0.0572102
0.057209
0.0572077
0.0572063
0.0572049
0.0572034
0.0572019
0.0572003
0.0571986
0.0571969
0.0571952
0.0571934
0.0571917
0
0
0
0
0
0
0
0
0
0
0
0
0
0
0
0
0
0
0
0
0
0
0
0
0
0
0
0
0
0
0
0
0
0
0
0
0.055933
0.0571927
0.0571944
0.0571962
0.0571979
0.0571995
0.0572012
0.0572027
0.0572042
0.0572057
0.0572071
0.0572084
0.0572096
0.0572107
0.0572118
0.0572131
0.057214
0.0572149
0.0292824
0
0
0
0
0
0
0
0
0
0
0
0
0
0
0
0
0
0
0
0
0
0
0
0
0
0
0.0292824
0.0572149
0.057214
0.0572131
0.0572118
0.0572107
0.0572096
0.0572083
0.057207
0.0572057
0.0572042
0.0572027
0.0572011
0.0571995
0.0571979
0.0571961
0.0571944
0.0571927
0.055933
0
0
0
0
0
0
0
0
0
0
0
0
0
0
0
0
0
0
0
0
0
0
0
0
0
0
0
0
0
0
0
0
0
0
0
0
0.034333
0.0571918
0.0571936
0.0571953
0.057197
0.0571987
0.0572004
0.0572019
0.0572035
0.0572049
0.0572063
0.0572076
0.0572089
0.0572101
0.0572112
0.0572122
0.0572134
0.0572143
0.0508818
0.0196826
0
0
0
0
0
0
0
0
0
0
0
0
0
0
0
0
0
0
0
0
0
0
0
0
0.0196826
0.0508818
0.0572143
0.0572134
0.0572122
0.0572112
0.0572101
0.0572089
0.0572076
0.0572063
0.0572049
0.0572035
0.0572019
0.0572003
0.0571987
0.057197
0.0571953
0.0571936
0.0571918
0.034333
0
0
0
0
0
0
0
0
0
0
0
0
0
0
0
0
0
0
0
0
0
0
0
0
0
0
0
0
0
0
0
0
0
0
0
0
0.010333
0.0571908
0.0571926
0.0571944
0.0571961
0.0571978
0.0571995
0.0572011
0.0572026
0.0572041
0.0572055
0.0572069
0.0572081
0.0572093
0.0572105
0.0572115
0.0572128
0.0572137
0.0572145
0.043682
0.0148827
0
0
0
0
0
0
0
0
0
0
0
0
0
0
0
0
0
0
0
0
0
0
0.0148827
0.043682
0.0572145
0.0572137
0.0572128
0.0572115
0.0572104
0.0572093
0.0572081
0.0572069
0.0572055
0.0572041
0.0572026
0.0572011
0.0571995
0.0571978
0.0571961
0.0571944
0.0571926
0.0571908
0.010333
0
0
0
0
0
0
0
0
0
0
0
0
0
0
0
0
0
0
0
0
0
0
0
0
0
0
0
0
0
0
0
0
0
0
0
0
0
0.0571898
0.0571916
0.0571933
0.0571951
0.0571968
0.0571985
0.0572001
0.0572017
0.0572032
0.0572046
0.057206
0.0572073
0.0572085
0.0572097
0.0572107
0.0572117
0.057213
0.0572138
0.0572146
0.041282
0.0148827
0
0
0
0
0
0
0
0
0
0
0
0
0
0
0
0
0
0
0
0
0.0148827
0.041282
0.0572146
0.0572138
0.057213
0.0572117
0.0572107
0.0572097
0.0572085
0.0572073
0.057206
0.0572046
0.0572032
0.0572017
0.0572001
0.0571985
0.0571968
0.0571951
0.0571933
0.0571916
0.0571898
0
0
0
0
0
0
0
0
0
0
0
0
0
0
0
0
0
0
0
0
0
0
0
0
0
0
0
0
0
0
0
0
0
0
0
0
0
0
0.029533
0.0571905
0.0571922
0.057194
0.0571957
0.0571974
0.0571991
0.0572007
0.0572022
0.0572037
0.057205
0.0572064
0.0572076
0.0572088
0.0572099
0.0572109
0.0572119
0.0572131
0.0572139
0.0572146
0.043682
0.0196826
0
0
0
0
0
0
0
0
0
0
0
0
0
0
0
0
0
0
0.0196826
0.043682
0.0572146
0.0572139
0.057213
0.0572119
0.0572109
0.0572099
0.0572088
0.0572076
0.0572064
0.057205
0.0572036
0.0572022
0.0572006
0.0571991
0.0571974
0.0571957
0.057194
0.0571922
0.0571905
0.029533
0
0
0
0
0
0
0
0
0
0
0
0
0
0
0
0
0
0
0
0
0
0
0
0
0
0
0
0
0
0
0
0
0
0
0
0
0
0
0
0.0571893
0.0571911
0.0571928
0.0571946
0.0571963
0.0571979
0.0571996
0.0572011
0.0572026
0.057204
0.0572054
0.0572067
0.0572079
0.057209
0.05721
0.057211
0.0572119
0.0572131
0.0572138
0.0572145
0.0508818
0.0292824
0.0100829
0
0
0
0
0
0
0
0
0
0
0
0
0
0
0.0100829
0.0292824
0.0508818
0.0572145
0.0572138
0.057213
0.0572119
0.057211
0.05721
0.057209
0.0572079
0.0572066
0.0572054
0.057204
0.0572026
0.0572011
0.0571995
0.0571979
0.0571963
0.0571946
0.0571928
0.057191
0.0571893
0
0
0
0
0
0
0
0
0
0
0
0
0
0
0
0
0
0
0
0
0
0
0
0
0
0
0
0
0
0
0
0
0
0
0
0
0
0
0
0
0.036733
0.0571898
0.0571916
0.0571933
0.0571951
0.0571967
0.0571984
0.0572
0.0572015
0.0572029
0.0572043
0.0572056
0.0572068
0.057208
0.0572091
0.0572101
0.057211
0.0572119
0.057213
0.0572137
0.0572143
0.0572149
0.0436821
0.0268825
0.0124829
0.000483227
0
0
0
0
0
0
0
0
0.000483222
0.0124829
0.0268825
0.0436821
0.0572149
0.0572143
0.0572137
0.057213
0.0572119
0.057211
0.0572101
0.0572091
0.057208
0.0572068
0.0572056
0.0572043
0.0572029
0.0572015
0.0571999
0.0571984
0.0571967
0.057195
0.0571933
0.0571916
0.0571898
0.036733
0
0
0
0
0
0
0
0
0
0
0
0
0
0
0
0
0
0
0
0
0
0
0
0
0
0
0
0
0
0
0
0
0
0
0
0
0
0
0
0
0.000733
0.0571884
0.0571902
0.057192
0.0571938
0.0571955
0.0571971
0.0571987
0.0572003
0.0572017
0.0572031
0.0572045
0.0572057
0.0572069
0.057208
0.0572091
0.05721
0.0572109
0.0572117
0.0572128
0.0572134
0.057214
0.0572146
0.057215
0.0484821
0.0364824
0.0268827
0.0196829
0.014883
0.0124831
0.0124831
0.014883
0.0196829
0.0268827
0.0364824
0.0484821
0.057215
0.0572145
0.057214
0.0572134
0.0572128
0.0572117
0.0572109
0.05721
0.0572091
0.057208
0.0572069
0.0572057
0.0572045
0.0572031
0.0572017
0.0572003
0.0571987
0.0571971
0.0571955
0.0571938
0.057192
0.0571902
0.0571884
0.000733
0
0
0
0
0
0
0
0
0
0
0
0
0
0
0
0
0
0
0
0
0
0
0
0
0
0
0
0
0
0
0
0
0
0
0
0
0
0
0
0
0
0.031933
0.0571888
0.0571906
0.0571924
0.0571941
0.0571958
0.0571974
0.057199
0.0572005
0.0572019
0.0572033
0.0572046
0.0572058
0.0572069
0.057208
0.057209
0.0572099
0.0572107
0.0572115
0.0572122
0.0572131
0.0572136
0.0572141
0.0572145
0.0572149
0.0572152
0.0572154
0.0532822
0.0508822
0.0508822
0.0532822
0.0572154
0.0572151
0.0572149
0.0572145
0.0572141
0.0572136
0.0572131
0.0572122
0.0572115
0.0572107
0.0572099
0.057209
0.057208
0.0572069
0.0572058
0.0572046
0.0572033
0.0572019
0.0572005
0.057199
0.0571974
0.0571958
0.0571941
0.0571924
0.0571906
0.0571888
0.031933
0
0
0
0
0
0
0
0
0
0
0
0
0
0
0
0
0
0
0
0
0
0
0
0
0
0
0
0
0
0
0
0
0
0
0
0
0
0
0
0
0
0
0
0.0571874
0.0571892
0.0571909
0.0571927
0.0571944
0.057196
0.0571976
0.0571991
0.0572006
0.057202
0.0572033
0.0572046
0.0572057
0.0572068
0.0572079
0.0572088
0.0572097
0.0572105
0.0572112
0.0572118
0.0572124
0.0572132
0.0572136
0.0572139
0.0572142
0.0572144
0.0572145
0.0572146
0.0572146
0.0572145
0.0572144
0.0572142
0.0572139
0.0572136
0.0572131
0.0572124
0.0572118
0.0572112
0.0572104
0.0572097
0.0572088
0.0572079
0.0572068
0.0572057
0.0572046
0.0572033
0.057202
0.0572006
0.0571991
0.0571976
0.057196
0.0571944
0.0571927
0.0571909
0.0571892
0.0571874
0
0
0
0
0
0
0
0
0
0
0
0
0
0
0
0
0
0
0
0
0
0
0
0
0
0
0
0
0
0
0
0
0
0
0
0
0
0
0
0
0
0
0
0
0.015133
0.0571876
0.0571894
0.0571912
0.0571929
0.0571946
0.0571962
0.0571977
0.0571992
0.0572006
0.057202
0.0572033
0.0572045
0.0572056
0.0572067
0.0572076
0.0572085
0.0572093
0.0572101
0.0572107
0.0572113
0.0572118
0.0572122
0.0572126
0.0572132
0.0572134
0.0572136
0.0572136
0.0572136
0.0572136
0.0572134
0.0572132
0.0572126
0.0572122
0.0572118
0.0572113
0.0572107
0.0572101
0.0572093
0.0572085
0.0572076
0.0572066
0.0572056
0.0572045
0.0572033
0.057202
0.0572006
0.0571992
0.0571977
0.0571962
0.0571946
0.0571929
0.0571912
0.0571894
0.0571876
0.015133
0
0
0
0
0
0
0
0
0
0
0
0
0
0
0
0
0
0
0
0
0
0
0
0
0
0
0
0
0
0
0
0
0
0
0
0
0
0
0
0
0
0
0
0
0
0.034333
0.0571879
0.0571896
0.0571914
0.057193
0.0571947
0.0571963
0.0571978
0.0571992
0.0572006
0.0572019
0.0572031
0.0572043
0.0572054
0.0572064
0.0572073
0.0572081
0.0572089
0.0572096
0.0572102
0.0572107
0.0572112
0.0572115
0.0572118
0.0572121
0.0572122
0.0572123
0.0572123
0.0572122
0.057212
0.0572118
0.0572115
0.0572112
0.0572107
0.0572102
0.0572096
0.0572089
0.0572081
0.0572073
0.0572064
0.0572054
0.0572043
0.0572031
0.0572019
0.0572006
0.0571992
0.0571978
0.0571963
0.0571947
0.057193
0.0571914
0.0571896
0.0571879
0.034333
0
0
0
0
0
0
0
0
0
0
0
0
0
0
0
0
0
0
0
0
0
0
0
0
0
0
0
0
0
0
0
0
0
0
0
0
0
0
0
0
0
0
0
0
0
0
0
0.048733
0.057188
0.0571898
0.0571915
0.0571931
0.0571947
0.0571963
0.0571977
0.0571991
0.0572005
0.0572017
0.0572029
0.057204
0.057205
0.057206
0.0572069
0.0572076
0.0572083
0.057209
0.0572095
0.05721
0.0572104
0.0572107
0.0572109
0.0572111
0.0572111
0.0572111
0.0572111
0.0572109
0.0572107
0.0572104
0.05721
0.0572095
0.057209
0.0572083
0.0572076
0.0572069
0.057206
0.057205
0.057204
0.0572029
0.0572017
0.0572005
0.0571991
0.0571977
0.0571963
0.0571947
0.0571931
0.0571915
0.0571898
0.057188
0.048733
0
0
0
0
0
0
0
0
0
0
0
0
0
0
0
0
0
0
0
0
0
0
0
0
0
0
0
0
0
0
0
0
0
0
0
0
0
0
0
0
0
0
0
0
0
0
0
0
0
0.0571864
0.0571881
0.0571898
0.0571915
0.0571931
0.0571947
0.0571962
0.0571976
0.057199
0.0572003
0.0572015
0.0572026
0.0572037
0.0572046
0.0572055
0.0572063
0.057207
0.0572077
0.0572083
0.0572087
0.0572091
0.0572095
0.0572097
0.0572099
0.0572099
0.0572099
0.0572099
0.0572097
0.0572095
0.0572091
0.0572087
0.0572083
0.0572077
0.057207
0.0572063
0.0572055
0.0572046
0.0572036
0.0572026
0.0572015
0.0572003
0.057199
0.0571976
0.0571962
0.0571947
0.0571931
0.0571915
0.0571898
0.0571881
0.0571864
0
0
0
0
0
0
0
0
0
0
0
0
0
0
0
0
0
0
0
0
0
0
0
0
0
0
0
0
0
0
0
0
0
0
0
0
0
0
0
0
0
0
0
0
0
0
0
0
0
0
0.005533
0.0571864
0.0571881
0.0571898
0.0571915
0.057193
0.0571946
0.057196
0.0571974
0.0571987
0.0571999
0.0572011
0.0572022
0.0572032
0.0572041
0.0572049
0.0572057
0.0572063
0.0572069
0.0572074
0.0572078
0.0572082
0.0572084
0.0572086
0.0572087
0.0572087
0.0572086
0.0572084
0.0572082
0.0572078
0.0572074
0.0572069
0.0572063
0.0572057
0.0572049
0.0572041
0.0572032
0.0572022
0.0572011
0.0571999
0.0571987
0.0571974
0.057196
0.0571946
0.057193
0.0571915
0.0571898
0.0571881
0.0571864
0.005533
0
0
0
0
0
0
0
0
0
0
0
0
0
0
0
0
0
0
0
0
0
0
0
0
0
0
0
0
0
0
0
0
0
0
0
0
0
0
0
0
0
0
0
0
0
0
0
0
0
0
0
0.007933
0.0571864
0.0571881
0.0571898
0.0571914
0.0571929
0.0571944
0.0571958
0.0571971
0.0571984
0.0571996
0.0572007
0.0572017
0.0572026
0.0572035
0.0572042
0.0572049
0.0572055
0.057206
0.0572065
0.0572068
0.0572071
0.0572072
0.0572073
0.0572073
0.0572072
0.057207
0.0572068
0.0572064
0.057206
0.0572055
0.0572049
0.0572042
0.0572035
0.0572026
0.0572017
0.0572006
0.0571995
0.0571984
0.0571971
0.0571958
0.0571944
0.0571929
0.0571914
0.0571898
0.0571881
0.0571864
0.007933
0
0
0
0
0
0
0
0
0
0
0
0
0
0
0
0
0
0
0
0
0
0
0
0
0
0
0
0
0
0
0
0
0
0
0
0
0
0
0
0
0
0
0
0
0
0
0
0
0
0
0
0
0
0.005533
0.0571864
0.057188
0.0571896
0.0571912
0.0571927
0.0571941
0.0571955
0.0571967
0.0571979
0.0571991
0.0572001
0.0572011
0.0572019
0.0572027
0.0572034
0.057204
0.0572046
0.057205
0.0572054
0.0572056
0.0572058
0.0572059
0.0572059
0.0572058
0.0572056
0.0572054
0.057205
0.0572046
0.057204
0.0572034
0.0572027
0.0572019
0.0572011
0.0572001
0.0571991
0.0571979
0.0571967
0.0571955
0.0571941
0.0571927
0.0571912
0.0571896
0.057188
0.0571864
0.005533
0
0
0
0
0
0
0
0
0
0
0
0
0
0
0
0
0
0
0
0
0
0
0
0
0
0
0
0
0
0
0
0
0
0
0
0
0
0
0
0
0
0
0
0
0
0
0
0
0
0
0
0
0
0
0
0
0.048733
0.0571879
0.0571894
0.0571909
0.0571924
0.0571938
0.0571951
0.0571963
0.0571974
0.0571985
0.0571995
0.0572003
0.0572012
0.0572019
0.0572025
0.057203
0.0572035
0.0572039
0.0572041
0.0572043
0.0572044
0.0572044
0.0572043
0.0572041
0.0572038
0.0572035
0.057203
0.0572025
0.0572019
0.0572011
0.0572003
0.0571995
0.0571985
0.0571974
0.0571963
0.057195
0.0571938
0.0571924
0.0571909
0.0571894
0.0571879
0.048733
0
0
0
0
0
0
0
0
0
0
0
0
0
0
0
0
0
0
0
0
0
0
0
0
0
0
0
0
0
0
0
0
0
0
0
0
0
0
0
0
0
0
0
0
0
0
0
0
0
0
0
0
0
0
0
0
0
0
0
0.034333
0.0571876
0.0571892
0.0571906
0.057192
0.0571933
0.0571946
0.0571957
0.0571968
0.0571978
0.0571987
0.0571995
0.0572003
0.0572009
0.0572015
0.0572019
0.0572023
0.0572026
0.0572027
0.0572028
0.0572028
0.0572027
0.0572026
0.0572023
0.0572019
0.0572015
0.0572009
0.0572003
0.0571995
0.0571987
0.0571978
0.0571968
0.0571957
0.0571946
0.0571933
0.057192
0.0571906
0.0571892
0.0571876
0.034333
0
0
0
0
0
0
0
0
0
0
0
0
0
0
0
0
0
0
0
0
0
0
0
0
0
0
0
0
0
0
0
0
0
0
0
0
0
0
0
0
0
0
0
0
0
0
0
0
0
0
0
0
0
0
0
0
0
0
0
0
0
0.015133
0.0571874
0.0571888
0.0571902
0.0571916
0.0571928
0.057194
0.0571951
0.0571961
0.057197
0.0571979
0.0571986
0.0571993
0.0571998
0.0572003
0.0572007
0.057201
0.0572011
0.0572012
0.0572012
0.0572011
0.0572009
0.0572007
0.0572003
0.0571998
0.0571993
0.0571986
0.0571979
0.057197
0.0571961
0.0571951
0.057194
0.0571928
0.0571916
0.0571902
0.0571888
0.0571874
0.015133
0
0
0
0
0
0
0
0
0
0
0
0
0
0
0
0
0
0
0
0
0
0
0
0
0
0
0
0
0
0
0
0
0
0
0
0
0
0
0
0
0
0
0
0
0
0
0
0
0
0
0
0
0
0
0
0
0
0
0
0
0
0
0
0
0.031933
0.0571884
0.0571898
0.0571911
0.0571922
0.0571933
0.0571944
0.0571953
0.0571962
0.0571969
0.0571976
0.0571981
0.0571986
0.057199
0.0571993
0.0571995
0.0571996
0.0571996
0.0571995
0.0571993
0.057199
0.0571986
0.0571981
0.0571976
0.0571969
0.0571961
0.0571953
0.0571944
0.0571933
0.0571922
0.057191
0.0571898
0.0571884
0.031933
0
0
0
0
0
0
0
0
0
0
0
0
0
0
0
0
0
0
0
0
0
0
0
0
0
0
0
0
0
0
0
0
0
0
0
0
0
0
0
0
0
0
0
0
0
0
0
0
0
0
0
0
0
0
0
0
0
0
0
0
0
0
0
0
0
0
0
0.000733
0.036733
0.0571893
0.0571905
0.0571916
0.0571926
0.0571936
0.0571944
0.0571952
0.0571959
0.0571964
0.0571969
0.0571973
0.0571976
0.0571978
0.0571979
0.0571979
0.0571978
0.0571976
0.0571973
0.0571969
0.0571964
0.0571959
0.0571952
0.0571944
0.0571936
0.0571926
0.0571916
0.0571905
0.0571893
0.036733
0.000733
0
0
0
0
0
0
0
0
0
0
0
0
0
0
0
0
0
0
0
0
0
0
0
0
0
0
0
0
0
0
0
0
0
0
0
0
0
0
0
0
0
0
0
0
0
0
0
0
0
0
0
0
0
0
0
0
0
0
0
0
0
0
0
0
0
0
0
0
0
0
0
0.029533
0.0571898
0.0571908
0.0571918
0.0571927
0.0571934
0.0571941
0.0571947
0.0571952
0.0571956
0.0571959
0.0571961
0.0571962
0.0571962
0.0571961
0.0571959
0.0571956
0.0571952
0.0571947
0.0571941
0.0571934
0.0571927
0.0571918
0.0571908
0.0571898
0.029533
0
0
0
0
0
0
0
0
0
0
0
0
0
0
0
0
0
0
0
0
0
0
0
0
0
0
0
0
0
0
0
0
0
0
0
0
0
0
0
0
0
0
0
0
0
0
0
0
0
0
0
0
0
0
0
0
0
0
0
0
0
0
0
0
0
0
0
0
0
0
0
0
0
0
0
0
0.010333
0.034333
0.055933
0.0571917
0.0571924
0.057193
0.0571935
0.0571938
0.0571941
0.0571943
0.0571944
0.0571944
0.0571943
0.0571941
0.0571938
0.0571934
0.057193
0.0571924
0.0571917
0.055933
0.034333
0.010333
0
0
0
0
0
0
0
0
0
0
0
0
0
0
0
0
0
0
0
0
0
0
0
0
0
0
0
0
0
0
0
0
0
0
0
0
0
0
0
0
0
0
0
0
0
0
0
0
0
0
0
0
0
0
0
0
0
0
0
0
0
0
0
0
0
0
0
0
0
0
0
0
0
0
0
0
0
0
0
0
0
0
0.015133
0.029533
0.041533
0.051133
0.0571924
0.0571926
0.0571927
0.0571927
0.0571926
0.0571924
0.051133
0.041533
0.029533
0.015133
0
0
0
0
0
0
0
0
0
0
0
0
0
0
0
0
0
0
0
0
0
0
0
0
0
0
0
0
0
0
0
0
0
0
0
0
0
0
0
0
0
0
0
0
0
0
0
0
0
0
0
0
0
0
0
0
0
0
0
0
0
0
0
0
0
0
0
0
0
0
0
0
0
0
0
0
0
0
0
0
0
0
0
0
0
0
0
0
0
0
0
0
0
0
0
0
0
0
0
0
0
0
0
0
0
0
0
0
0
0
0
0
0
0
0
0
0
0
0
0
0
0
0
0
0
0
0
0
0
0
0
0
0
0
0
0
0
0
0
0
0
0
0
0
0
0
0
0
0
0
0
0
0
0
0
0
0
0
0
0
0
0
0
0
0
0
0
0
0
0
0
0
0
0
0
0
0
0
0
0
0
0
0
0
0
0
0
0
0
0
0
0
0
0
0
0
0
0
0
0
0
0
0
0
0
0
0
0
0
0
0
0
0
0
0
0
0
0
0
0
0
0
0
0
0
0
0
0
0
0
0
0
0
0
0
0
0
0
0
0
0
0
0
0
0
0
0
0
0
0
0
0
0
0
0
0
0
0
0
0
0
0
0
0
0
0
0
0
0
0
0
0
0
0
0
0
0
0
0
0
0
0
0
0
0
0
0
0
0
0
0
0
0
0
0
0
0
0
0
0
0
0
0
0
0
0
0
0
0
0
0
0
0
0
0
0
0
0
0
0
0
0
0
0
0
0
0
0
0
0
0
0
0
0
0
0
0
0
0
0
0
0
0
0
0
0
0
0
0
0
0
0
0
0
0
0
0
0
0
0
0
0
0
0
0
0
0
0
0
0
0
0
0
0
0
0
0
0
0
0
0
0
0
0
0
0
0
0
0
0
0
0
0
0
0
0
0
0
0
0
0
0
0
0
0
0
0
0
0
0
0
0
0
0
0
0
0
0
0
0
0
0
0
0
0
0
0
0
0
0
0
0
0
0
0
0
0
0
0
0
0
0
0
0
0
0
0
0
0
0
0
0
0
0
0
0
0
0
0
0
0
0
0
0
0
0
0
0
0
0
0
0
0
0
0
0
0
0
0
0
0
0
0
0
0
0
0
0
0
0
0
0
0
0
0
0
0
0
0
0
0
0
0
0
0
0
0
0
0
0
0
0
0
0
0
0
0
0
0
0
0
0
0
0
0
0
0
0
0
0
0
0
0
0
0
0
0
0
0
0
0
0
0
0
0
0
0
0
0
0
0
0
0
0
0
0
0
0
0
0
0
0
0
0
0
0
0
0
0
0
0
0
0
0
0
0
0
0
0
0
0
0
0
0
0
0
0
0
0
0
0
0
0
0
0
0
0
0
0
0
0
0
0
0
0
0
0
0
0
0
0
0
0
0
0
0
0
0
0
0
0
0
0
0
0
0
0
0
0
0
0
0
0
0
0
0
0
0
0
0
0
0
0
0
0
0
0
0
0
0
0
0
0
0
0
0
0
0
0
0
0
0
0
0
0
0
0
0
0
0
0
0
0
0
0
0
0
0
0
0
0
0
0
0
0
0
0
0
0
0
0
0
0
0
0
0
0
0
0
0
0
0
0
0
0
0
0
0
0
0
0
0
0
0
0
0
0
0
0
0
0
0
0
0
0
0
0
0
0
0
0
0
0
0
0
0
0
0
0
0
0
0
0
0
0
0
0
0
0
0
0
0
0
0
0
0
0
0
0
0
0
0
0
0
0
0
0
0
0
0
0
0
0
0
0
0
0
0
0
0
0
0
0
0
0
0
0
0
0
0
0
0
0
0
0
0
0
0
0
0
0
0
0
0
0
0
0
0
0
0
0
0
0
0
0
0
0
0
0
0
0
0
0
0
0
0
0
0
0
0
0
0
0
0
0
0
0
0
0
0
0
0
0
0
0
0
0
0
0
0
0
0
0
0
0
0
0
0
0
0
0
0
0
0
0
0
0
0
0
0
0
0
0
0
0
0
0
0
0
0
0
0
0
0
0
0
0
0
0
0
0
0
0
0
0
0
0
0
0
0
0
0
0
0
0
0
0
0
0
0
0
0
0
0
0
0
0
0
0
0
0
0
0
0
0
0
0
0
0
0
0
0
0
0
0
0
0
0
0
0
0
0
0
0
0
0
0
0
0
0
0
0
0
0
0
0
0
0
0
0
0
0
0
0
0
0
0
0
0
0
0
0
0
0
0
0
0
0
0
0
0
0
0
0
0
0
0
0
0
0
0
0
0
0
0
0
0
0
0
0
0
0
0
0
0
0
0
0
0
0
0
0
0
0
0
0
0
0
0
0
0
0
0
0
0
0
0
0
0
0
0
0
0
0
0
0
0
0
0
0
0
0
0
0
0
0
0
0
0
0
0
0
0
0
0
0
0
0
0
0
0
0
0
0
0
0
0
0
0
0
0
0
0
0
0
0
0
0
0
0
0
0
0
0
0
0
0
0
0
0
0
0
0
0
0
0
0
0
0
0
0
0
0
0
0
0
0
0
0
0
0
0
0
0
0
0
0
0
0
0
0
0
0
0
0
0
0
0
0
0
0
0
0
0
0
0
0
0
0
0
0
0
0
0
0
0
0
0
0
0
0
0
0
0
0
0
0
0
0
0
0
0
0
0
0
0
0
0
0
0
0
0
0
0
0
0
0
0
0
0
0
0
0
0
0
0
0
0
0
0
0
0
0
0
0
0
0
0
0
0
0
0
0
0
0
0
0
0
0
0
0
0
0
0
0
0
0
0
0
0
0
0
0
0
0
0
0
0
0
0
0
0
0
0
0
0
0
0
0
0
0
0
0
0
0
0
0
0
0
0
0
0
0
0
0
0
0
0
0
0
0
0
0
0
0
0
0
0
0
0
0
0
0
0
0
0
0
0
0
0
0
0
0
0
0
0
0
0
0
0
0
0
0
0
0
0
0
0
0
0
0
0
0
0
0
0
0
0
0
0
0
0
0
0
0
0
0
0
0
0
0
0
0
0
0
0
0
0
0
0
0
0
0
0
0
0
0
0
0
0
0
0
0
0
0
0
0
0
0
0
0
0
0
0
0
0
0
0
0
0
0
0
0
0
0
0
0
0
0
0
0
0
0
0
0
0
0
0
0
0
0
0
0
0
0
0
0
0
0
0
0
0
0
0
0
0
0
0
0
0
0
0
0
0
0
0
0
0
0
0
0
0
0
0
0
0
0
0
0
0
0
0
0
0
0
0
0
0
0
0
0
0
0
0
0
0
0
0
0
0
0
0
0
0
0
0
0
0
0
0
0
0
0
0
0
0
0
0
0
0
0
0
0
0
0
0
0
0
0
0
0
0
0
0
0
0
0
0
0
0
0
0
0
0
0
0
0
0
0
0
0
0
0
0
0
0
0
0
0
0
0
0
0
0
0
0
0
0
0
0
0
0
0
0
0
0
0
0
0
0
0
0
0
0
0
0
0
0
0
0
0
0
0
0
0
0
0
0
0
0
0
0
0
0
0
0
0
0
0
0
0
0
0
0
0
0
0
0
0
0
0
0
0
0
0
0
0
0
0
0
0
0
0
0
0
0
0
0
0
0
0
0
0
0
0
0
0
0
0
0
0
0
0
0
0
0
0
0
0
0
0
0
0
0
0
0
0
0
0
0
0
0
0
0
0
0
0
0
0
0
0
0
0
0
0
0
0
0
0
0
0
0
0
0
0
0
0
0
0
0
0
0
0
0
0
0
0
0
0
0
0
0
0
0
0
0
0
0
0
0
0
0
0
0
0
0
0
0
0
0
0
0
0
0
0
0
0
0
0
0
0
0
0
0
0
0
0
0
0
0
0
0
0
0
0
0
0
0
0
0
0
0
0
0
0
0
0
0
0
0
0
0
0
0
0
0
0
0
0
0
0
0
0
0
0
0
0
0
0
0
0
0
0
0
0
0
0
0
0
0
0
0
0
)
;

boundaryField
{
    backAndFront
    {
        type            empty;
    }
    dirichletBoundary
    {
        type            calculated;
        value           uniform 0;
    }
}


// ************************************************************************* //
