/*--------------------------------*- C++ -*----------------------------------*\
| =========                 |                                                 |
| \\      /  F ield         | OpenFOAM: The Open Source CFD Toolbox           |
|  \\    /   O peration     | Version:  v1806                                 |
|   \\  /    A nd           | Web:      www.OpenFOAM.com                      |
|    \\/     M anipulation  |                                                 |
\*---------------------------------------------------------------------------*/
FoamFile
{
    version     2.0;
    format      ascii;
    class       volScalarField;
    location    "1";
    object      u;
}
// * * * * * * * * * * * * * * * * * * * * * * * * * * * * * * * * * * * * * //

dimensions      [0 0 0 0 0 0 0];


internalField   nonuniform List<scalar> 
10000
(
1
1
1
1
1
1
1
1
1
1
1
1
1
1
1
1
1
1
1
1
1
1
1
1
1
1
1
1
1
1
1
1
1
1
1
1
1
1
1
1
1
1
1
1
1
1
1
1
1
1
1
1
1
1
1
1
1
1
1
1
1
1
1
1
1
1
1
1
1
1
1
1
1
1
1
1
1
1
1
1
1
1
1
1
1
1
1
1
1
1
1
1
1
1
1
1
1
1
1
1
1
1
1
1
1
1
1
1
1
1
1
1
1
1
1
1
1
1
1
1
1
1
1
1
1
1
1
1
1
1
1
1
1
1
1
1
1
1
1
1
1
1
1
1
1
1
1
1
1
1
1
1
1
1
1
1
1
1
1
1
1
1
1
1
1
1
1
1
1
1
1
1
1
1
1
1
1
1
1
1
1
1
1
1
1
1
1
1
1
1
1
1
1
1
1
1
1
1
1
1
1
1
1
1
1
1
1
1
1
1
1
1
1
1
1
1
1
1
1
1
1
1
1
1
1
1
1
1
1
1
1
1
1
1
1
1
1
1
1
1
1
1
1
1
1
1
1
1
1
1
1
1
1
1
1
1
1
1
1
1
1
1
1
1
1
1
1
1
1
1
1
1
1
1
1
1
1
1
1
1
1
1
1
1
1
1
1
1
1
1
1
1
1
1
1
1
1
1
1
1
1
1
1
1
1
1
1
1
1
1
1
1
1
1
1
1
1
1
1
1
1
1
1
1
1
1
1
1
1
1
1
1
1
1
1
1
1
1
1
1
1
1
1
1
1
1
1
1
1
1
1
1
1
1
1
1
1
1
1
1
1
1
1
1
1
1
1
1
1
1
1
1
1
1
1
1
1
1
1
1
1
1
1
1
1
1
1
1
1
1
1
1
1
1
1
1
1
1
1
1
1
1
1
1
1
1
1
1
1
1
1
1
1
1
1
1
1
1
1
1
1
1
1
1
1
1
1
1
1
1
1
1
1
1
1
1
1
1
1
1
1
1
1
1
1
1
1
1
1
1
1
1
1
1
1
1
1
1
1
1
1
1
1
1
1
1
1
1
1
1
1
1
1
1
1
1
1
1
1
1
1
1
1
1
1
1
1
1
1
1
1
1
1
1
1
1
1
1
1
1
1
1
1
1
1
1
1
1
1
1
1
1
1
1
1
1
1
1
1
1
1
1
1
1
1
1
1
1
1
1
1
1
1
1
1
1
1
1
1
1
1
1
1
1
1
1
1
1
1
1
1
1
1
1
1
1
1
1
1
1
1
1
1
1
1
1
1
1
1
1
1
1
1
1
1
1
1
1
1
1
1
1
1
1
1
1
1
1
1
1
1
1
1
1
1
1
1
1
1
1
1
1
1
1
1
1
1
1
1
1
1
1
1
1
1
1
1
1
1
1
1
1
1
1
1
1
1
1
1
1
1
1
1
1
1
1
1
1
1
1
1
1
1
1
1
1
1
1
1
1
1
1
1
1
1
1
1
1
1
1
1
1
1
1
1
1
1
1
1
1
1
1
1
1
1
1
1
1
1
1
1
1
1
1
1
1
1
1
1
1
1
1
1
1
1
1
1
1
1
1
1
1
1
1
1
1
1
1
1
1
1
1
1
1
1
1
1
1
1
1
1
1
1
1
1
1
1
1
1
1
1
1
1
1
1
1
1
1
1
1
1
1
1
1
1
1
1
1
1
1
1
1
1
1
1
1
1
1
1
1
1
1
1
1
1
1
1
1
1
1
1
1
1
1
1
1
1
1
1
1
1
1
1
1
1
1
1
1
1
1
1
1
1
1
1
1
1
1
1
1
1
1
1
1
1
1
1
1
1
1
1
1
1
1
1
1
1
1
1
1
1
1
1
1
1
1
1
1
1
1
1
1
1
1
1
1
1
1
1
1
1
1
1
1
1
1
1
1
1
1
1
1
1
1
1
1
1
1
1
1
1
1
1
1
1
1
1
1
1
1
1
1
1
1
1
1
1
1
1
1
1
1
1
1
1
1
1
1
1
1
1
1
1
1
1
1
1
1
1
1
1
1
1
1
1
1
1
1
1
1
1
1
1
1
1
1
1
1
1
1
1
1
1
1
1
1
1
1
1
1
1
1
1
1
1
1
1
1
1
1
1
1
1
1
1
1
1
1
1
1
1
1
1
1
1
1
1
1
1
1
1
1
1
1
1
1
1
1
1
1
1
1
1
1
1
1
1
1
1
1
1
1
1
1
1
1
1
1
1
1
1
1
1
1
1
1
1
1
1
1
1
1
1
1
1
1
1
1
1
1
1
1
1
1
1
1
1
1
1
1
1
1
1
1
1
1
1
1
1
1
1
1
1
1
1
1
1
1
1
1
1
1
1
1
1
1
1
1
1
1
1
1
1
1
1
1
1
1
1
1
1
1
1
1
1
1
1
1
1
1
1
1
1
1
1
1
1
1
1
1
1
1
1
1
1
1
1
1
1
1
1
1
1
1
1
1
1
1
1
1
1
1
1
1
1
1
1
1
1
1
1
1
1
1
1
1
1
1
1
1
1
1
1
1
1
1
1
1
1
1
1
1
1
1
1
1
1
1
1
1
1
1
1
1
1
1
1
1
1
1
1
1
1
1
1
1
1
1
1
1
1
1
1
1
1
1
1
1
1
1
1
1
1
1
1
1
1
1
1
1
1
1
1
1
1
1
1
1
1
1
1
1
1
1
1
1
1
1
1
1
1
1
1
1
1
1
1
1
1
1
1
1
1
1
1
1
1
1
1
1
1
1
1
1
1
1
1
1
1
1
1
1
1
1
1
1
1
1
1
1
1
1
1
1
1
1
1
1
1
1
1
1
1
1
1
1
1
1
1
1
1
1
1
1
1
1
1
1
1
1
1
1
1
1
1
1
1
1
1
1
1
1
1
1
1
1
1
1
1
1
1
1
1
1
1
1
1
1
1
1
1
1
1
1
1
1
1
1
1
1
1
1
1
1
1
1
1
1
1
1
1
1
1
1
1
1
1
1
1
1
1
1
1
1
1
1
1
1
1
1
1
1
1
1
1
1
1
1
1
1
1
1
1
1
1
1
1
1
1
1
1
1
1
1
1
1
1
1
1
1
1
1
1
1
1
1
1
1
1
1
1
1
1
1
1
1
1
1
1
1
1
1
1
1
1
1
1
1
1
1
1
1
1
1
1
1
1
1
1
1
1
1
1
1
1
1
1
1
1
1
1
1
1
1
1
1
1
1
1
1
1
1
1
1
1
1
1
1
1
1
1
1
1
1
0.99711
0.985107
0.975505
0.968303
0.963502
0.961102
0.961102
0.963502
0.968303
0.975505
0.985107
0.99711
1
1
1
1
1
1
1
1
1
1
1
1
1
1
1
1
1
1
1
1
1
1
1
1
1
1
1
1
1
1
1
1
1
1
1
1
1
1
1
1
1
1
1
1
1
1
1
1
1
1
1
1
1
1
1
1
1
1
1
1
1
1
1
1
1
1
1
1
1
1
1
1
1
1
1
1
1
1
1
1
1
1
1
1
0.985116
0.963511
0.944306
0.927502
0.913099
0.901096
0.891494
0.884292
0.879491
0.87709
0.87709
0.879491
0.884292
0.891494
0.901096
0.913099
0.927502
0.944306
0.963511
0.985116
1
1
1
1
1
1
1
1
1
1
1
1
1
1
1
1
1
1
1
1
1
1
1
1
1
1
1
1
1
1
1
1
1
1
1
1
1
1
1
1
1
1
1
1
1
1
1
1
1
1
1
1
1
1
1
1
1
1
1
1
1
1
1
1
1
1
1
1
1
1
1
1
1
1
1
1
1
0.982723
0.953916
0.92751
0.903504
0.881899
0.862695
0.84589
0.831487
0.819484
0.809881
0.80268
0.797878
0.795478
0.795478
0.797878
0.80268
0.809881
0.819484
0.831487
0.84589
0.862695
0.881899
0.903504
0.92751
0.953916
0.982723
1
1
1
1
1
1
1
1
1
1
1
1
1
1
1
1
1
1
1
1
1
1
1
1
1
1
1
1
1
1
1
1
1
1
1
1
1
1
1
1
1
1
1
1
1
1
1
1
1
1
1
1
1
1
1
1
1
1
1
1
1
1
1
1
1
1
1
1
1
1
1
1
0.968326
0.934718
0.903511
0.874704
0.848298
0.824292
0.802687
0.783482
0.766678
0.752274
0.740271
0.730669
0.723467
0.718666
0.716265
0.716265
0.718666
0.723467
0.730669
0.740271
0.752274
0.766678
0.783482
0.802687
0.824292
0.848298
0.874704
0.903511
0.934718
0.968326
1
1
1
1
1
1
1
1
1
1
1
1
1
1
1
1
1
1
1
1
1
1
1
1
1
1
1
1
1
1
1
1
1
1
1
1
1
1
1
1
1
1
1
1
1
1
1
1
1
1
1
1
1
1
1
1
1
1
1
1
1
1
1
1
1
1
1
1
0.96593
0.927522
0.891514
0.857906
0.826699
0.797892
0.771486
0.74748
0.725874
0.706669
0.689865
0.675461
0.663458
0.653856
0.646654
0.641852
0.639452
0.639452
0.641852
0.646654
0.653856
0.663458
0.675461
0.689865
0.706669
0.725874
0.74748
0.771486
0.797892
0.826699
0.857906
0.891514
0.927522
0.96593
1
1
1
1
1
1
1
1
1
1
1
1
1
1
1
1
1
1
1
1
1
1
1
1
1
1
1
1
1
1
1
1
1
1
1
1
1
1
1
1
1
1
1
1
1
1
1
1
1
1
1
1
1
1
1
1
1
1
1
1
1
1
1
1
0.975536
0.932327
0.891518
0.85311
0.817102
0.783494
0.752286
0.723479
0.697073
0.673067
0.651461
0.632256
0.615452
0.601048
0.589045
0.579442
0.57224
0.567439
0.565038
0.565038
0.567439
0.57224
0.579442
0.589045
0.601048
0.615452
0.632256
0.651461
0.673067
0.697073
0.723479
0.752286
0.783494
0.817102
0.85311
0.891518
0.932327
0.975536
1
1
1
1
1
1
1
1
1
1
1
1
1
1
1
1
1
1
1
1
1
1
1
1
1
1
1
1
1
1
1
1
1
1
1
1
1
1
1
1
1
1
1
1
1
1
1
1
1
1
1
1
1
1
1
1
1
1
1
1
0.997144
0.949134
0.903525
0.860315
0.819506
0.781097
0.745089
0.711481
0.680273
0.651466
0.625059
0.601053
0.579448
0.560242
0.543438
0.529034
0.517031
0.507428
0.500226
0.495425
0.493024
0.493024
0.495425
0.500226
0.507428
0.517031
0.529034
0.543438
0.560242
0.579448
0.601053
0.625059
0.651466
0.680273
0.711481
0.745089
0.781097
0.819506
0.860315
0.903525
0.949134
0.997144
1
1
1
1
1
1
1
1
1
1
1
1
1
1
1
1
1
1
1
1
1
1
1
1
1
1
1
1
1
1
1
1
1
1
1
1
1
1
1
1
1
1
1
1
1
1
1
1
1
1
1
1
1
1
1
1
1
0.977943
0.927532
0.879522
0.833913
0.790703
0.749894
0.711485
0.675476
0.641868
0.61066
0.581853
0.555446
0.53144
0.509834
0.490629
0.473824
0.45942
0.447417
0.437814
0.430612
0.42581
0.42341
0.42341
0.42581
0.430612
0.437814
0.447417
0.45942
0.473824
0.490629
0.509834
0.53144
0.555446
0.581853
0.61066
0.641868
0.675476
0.711485
0.749894
0.790703
0.833913
0.879522
0.927532
0.977943
1
1
1
1
1
1
1
1
1
1
1
1
1
1
1
1
1
1
1
1
1
1
1
1
1
1
1
1
1
1
1
1
1
1
1
1
1
1
1
1
1
1
1
1
1
1
1
1
1
1
1
1
1
1
1
0.963541
0.910731
0.860321
0.81231
0.7667
0.723491
0.682681
0.644272
0.608263
0.574655
0.543447
0.514639
0.488232
0.464226
0.44262
0.423414
0.40661
0.392206
0.380202
0.370599
0.363397
0.358596
0.356195
0.356195
0.358596
0.363397
0.370599
0.380202
0.392206
0.40661
0.423414
0.44262
0.464226
0.488232
0.514639
0.543447
0.574655
0.608263
0.644272
0.682681
0.723491
0.7667
0.81231
0.860321
0.910731
0.963541
1
1
1
1
1
1
1
1
1
1
1
1
1
1
1
1
1
1
1
1
1
1
1
1
1
1
1
1
1
1
1
1
1
1
1
1
1
1
1
1
1
1
1
1
1
1
1
1
1
1
1
1
1
0.953941
0.89873
0.845919
0.795509
0.747498
0.701888
0.658678
0.617868
0.579459
0.54345
0.509841
0.478633
0.449825
0.423418
0.399412
0.377806
0.3586
0.341795
0.327391
0.315388
0.305785
0.298583
0.293781
0.291381
0.291381
0.293781
0.298583
0.305785
0.315388
0.327391
0.341795
0.3586
0.377806
0.399412
0.423418
0.449825
0.478633
0.509841
0.54345
0.579459
0.617868
0.658678
0.701888
0.747498
0.795509
0.845919
0.89873
0.953941
1
1
1
1
1
1
1
1
1
1
1
1
1
1
1
1
1
1
1
1
1
1
1
1
1
1
1
1
1
1
1
1
1
1
1
1
1
1
1
1
1
1
1
1
1
1
1
1
1
1
1
0.94914
0.891529
0.836318
0.783507
0.733096
0.685086
0.639475
0.596265
0.555455
0.517046
0.481036
0.447428
0.416219
0.387411
0.361004
0.336997
0.315391
0.296186
0.279381
0.264976
0.252973
0.24337
0.236168
0.231366
0.228966
0.228966
0.231366
0.236168
0.24337
0.252973
0.264976
0.279381
0.296186
0.315391
0.336997
0.361004
0.387411
0.416219
0.447428
0.481036
0.517046
0.555455
0.596265
0.639475
0.685086
0.733096
0.783507
0.836318
0.891529
0.94914
1
1
1
1
1
1
1
1
1
1
1
1
1
1
1
1
1
1
1
1
1
1
1
1
1
1
1
1
1
1
1
1
1
1
1
1
1
1
1
1
1
1
1
1
1
1
1
1
1
0.94914
0.889129
0.831518
0.776306
0.723495
0.673084
0.625073
0.579463
0.536252
0.495442
0.457032
0.421023
0.387414
0.356205
0.327397
0.30099
0.276983
0.255377
0.236171
0.219366
0.204962
0.192958
0.183355
0.176153
0.171352
0.168951
0.168951
0.171352
0.176153
0.183355
0.192958
0.204962
0.219366
0.236171
0.255377
0.276983
0.30099
0.327397
0.356205
0.387414
0.421023
0.457032
0.495442
0.536252
0.579463
0.625073
0.673084
0.723495
0.776306
0.831518
0.889129
0.94914
1
1
1
1
1
1
1
1
1
1
1
1
1
1
1
1
1
1
1
1
1
1
1
1
1
1
1
1
1
1
1
1
1
1
1
1
1
1
1
1
1
1
1
1
1
1
1
0.953941
0.891529
0.831518
0.773906
0.718695
0.665883
0.615472
0.567461
0.52185
0.478639
0.437829
0.399419
0.363409
0.3298
0.298592
0.269783
0.243376
0.219369
0.197762
0.178557
0.161752
0.147347
0.135343
0.12574
0.118538
0.113737
0.111336
0.111336
0.113737
0.118538
0.12574
0.135343
0.147347
0.161752
0.178557
0.197762
0.219369
0.243376
0.269783
0.298592
0.3298
0.363409
0.399419
0.437829
0.478639
0.52185
0.567461
0.615472
0.665883
0.718695
0.773906
0.831518
0.891529
0.953941
1
1
1
1
1
1
1
1
1
1
1
1
1
1
1
1
1
1
1
1
1
1
1
1
1
1
1
1
1
1
1
1
1
1
1
1
1
1
1
1
1
1
1
1
1
0.963541
0.89873
0.836318
0.776306
0.718695
0.663483
0.610671
0.56026
0.512248
0.466637
0.423426
0.382616
0.344206
0.308196
0.274587
0.243378
0.214569
0.188162
0.164155
0.142548
0.123342
0.106537
0.0921325
0.0801287
0.0705257
0.0633234
0.0585219
0.0561211
0.0561211
0.0585219
0.0633234
0.0705257
0.0801287
0.0921325
0.106537
0.123342
0.142548
0.164155
0.188162
0.214569
0.243378
0.274587
0.308196
0.344206
0.382616
0.423426
0.466637
0.512248
0.56026
0.610671
0.663483
0.718695
0.776306
0.836318
0.89873
0.963541
1
1
1
1
1
1
1
1
1
1
1
1
1
1
1
1
1
1
1
1
1
1
1
1
1
1
1
1
1
1
1
1
1
1
1
1
1
1
1
1
1
1
1
0.977943
0.910731
0.845919
0.783507
0.723495
0.665883
0.610671
0.557859
0.507448
0.459436
0.413825
0.370614
0.329803
0.291393
0.255383
0.221773
0.190564
0.161756
0.135348
0.111341
0.0897339
0.0705279
0.0537226
0.039318
0.0273142
0.0177111
0.0105088
0.00570724
0.00330646
0.00330646
0.00570724
0.0105088
0.0177111
0.0273142
0.039318
0.0537226
0.0705279
0.0897339
0.111341
0.135348
0.161756
0.190564
0.221773
0.255383
0.291393
0.329803
0.370614
0.413825
0.459436
0.507448
0.557859
0.610671
0.665883
0.723495
0.783507
0.845919
0.910731
0.977943
1
1
1
1
1
1
1
1
1
1
1
1
1
1
1
1
1
1
1
1
1
1
1
1
1
1
1
1
1
1
1
1
1
1
1
1
1
1
1
1
1
0.997144
0.927532
0.860321
0.795509
0.733096
0.673084
0.615472
0.56026
0.507448
0.457036
0.409024
0.363412
0.320201
0.27939
0.24098
0.204969
0.17136
0.140151
0.111342
0.084934
0.0609266
0.0393199
0.0201138
0.00330842
0
0
0
0
0
0
0
0
0
0
0
0
0.00330842
0.0201138
0.0393199
0.0609266
0.084934
0.111342
0.140151
0.17136
0.204969
0.24098
0.27939
0.320201
0.363412
0.409024
0.457036
0.507448
0.56026
0.615472
0.673084
0.733096
0.795509
0.860321
0.927532
0.997144
1
1
1
1
1
1
1
1
1
1
1
1
1
1
1
1
1
1
1
1
1
1
1
1
1
1
1
1
1
1
1
1
1
1
1
1
1
1
1
1
0.949134
0.879522
0.81231
0.747498
0.685086
0.625073
0.567461
0.512248
0.459436
0.409024
0.361012
0.3154
0.272189
0.231378
0.192967
0.156957
0.123347
0.0921374
0.0633286
0.0369205
0.012913
0
0
0
0
0
0
0
0
0
0
0
0
0
0
0
0
0
0
0.012913
0.0369205
0.0633286
0.0921374
0.123347
0.156957
0.192967
0.231378
0.272189
0.3154
0.361012
0.409024
0.459436
0.512248
0.567461
0.625073
0.685086
0.747498
0.81231
0.879522
0.949134
1
1
1
1
1
1
1
1
1
1
1
1
1
1
1
1
1
1
1
1
1
1
1
1
1
1
1
1
1
1
1
1
1
1
1
1
1
1
1
0.975536
0.903525
0.833913
0.7667
0.701888
0.639475
0.579463
0.52185
0.466637
0.413825
0.363412
0.3154
0.269788
0.226577
0.185765
0.147354
0.111344
0.0777338
0.0465244
0.0177155
0
0
0
0
0
0
0
0
0
0
0
0
0
0
0
0
0
0
0
0
0
0
0.0177155
0.0465244
0.0777338
0.111344
0.147354
0.185765
0.226577
0.269788
0.3154
0.363412
0.413825
0.466637
0.52185
0.579463
0.639475
0.701888
0.7667
0.833913
0.903525
0.975536
1
1
1
1
1
1
1
1
1
1
1
1
1
1
1
1
1
1
1
1
1
1
1
1
1
1
1
1
1
1
1
1
1
1
1
1
1
1
0.932327
0.860315
0.790703
0.723491
0.658678
0.596265
0.536252
0.478639
0.423426
0.370614
0.320201
0.272189
0.226577
0.183365
0.142553
0.104142
0.0681315
0.0345213
0.00331175
0
0
0
0
0
0
0
0
0
0
0
0
0
0
0
0
0
0
0
0
0
0
0
0
0.00331175
0.0345213
0.0681315
0.104142
0.142553
0.183365
0.226577
0.272189
0.320201
0.370614
0.423426
0.478639
0.536252
0.596265
0.658678
0.723491
0.790703
0.860315
0.932327
1
1
1
1
1
1
1
1
1
1
1
1
1
1
1
1
1
1
1
1
1
1
1
1
1
1
1
1
1
1
1
1
1
1
1
1
1
0.96593
0.891518
0.819506
0.749894
0.682681
0.617868
0.555455
0.495442
0.437829
0.382616
0.329803
0.27939
0.231378
0.185765
0.142553
0.101742
0.0633303
0.0273195
0
0
0
0
0
0
0
0
0
0
0
0
0
0
0
0
0
0
0
0
0
0
0
0
0
0
0
0
0.0273195
0.0633303
0.101742
0.142553
0.185765
0.231378
0.27939
0.329803
0.382616
0.437829
0.495442
0.555455
0.617868
0.682681
0.749894
0.819506
0.891518
0.96593
1
1
1
1
1
1
1
1
1
1
1
1
1
1
1
1
1
1
1
1
1
1
1
1
1
1
1
1
1
1
1
1
1
1
1
1
0.927522
0.85311
0.781097
0.711485
0.644272
0.579459
0.517046
0.457032
0.399419
0.344206
0.291393
0.24098
0.192967
0.147354
0.104142
0.0633303
0.0249189
0
0
0
0
0
0
0
0
0
0
0
0
0
0
0
0
0
0
0
0
0
0
0
0
0
0
0
0
0
0
0.0249189
0.0633303
0.104142
0.147354
0.192967
0.24098
0.291393
0.344206
0.399419
0.457032
0.517046
0.579459
0.644272
0.711485
0.781097
0.85311
0.927522
1
1
1
1
1
1
1
1
1
1
1
1
1
1
1
1
1
1
1
1
1
1
1
1
1
1
1
1
1
1
1
1
1
1
1
0.968326
0.891514
0.817102
0.745089
0.675476
0.608263
0.54345
0.481036
0.421023
0.363409
0.308196
0.255383
0.204969
0.156957
0.111344
0.0681315
0.0273195
0
0
0
0
0
0
0
0
0
0
0
0
0
0
0
0
0
0
0
0
0
0
0
0
0
0
0
0
0
0
0
0
0.0273195
0.0681315
0.111344
0.156957
0.204969
0.255383
0.308196
0.363409
0.421023
0.481036
0.54345
0.608263
0.675476
0.745089
0.817102
0.891514
0.968326
1
1
1
1
1
1
1
1
1
1
1
1
1
1
1
1
1
1
1
1
1
1
1
1
1
1
1
1
1
1
1
1
1
1
0.934718
0.857906
0.783494
0.711481
0.641868
0.574655
0.509841
0.447428
0.387414
0.3298
0.274587
0.221773
0.17136
0.123347
0.0777338
0.0345213
0
0
0
0
0
0
0
0
0
0
0
0
0
0
0
0
0
0
0
0
0
0
0
0
0
0
0
0
0
0
0
0
0
0
0.0345213
0.0777338
0.123347
0.17136
0.221773
0.274587
0.3298
0.387414
0.447428
0.509841
0.574655
0.641868
0.711481
0.783494
0.857906
0.934718
1
1
1
1
1
1
1
1
1
1
1
1
1
1
1
1
1
1
1
1
1
1
1
1
1
1
1
1
1
1
1
1
1
0.982723
0.903511
0.826699
0.752286
0.680273
0.61066
0.543447
0.478633
0.416219
0.356205
0.298592
0.243378
0.190564
0.140151
0.0921374
0.0465244
0.00331175
0
0
0
0
0
0
0
0
0
0
0
0
0
0
0
0
0
0
0
0
0
0
0
0
0
0
0
0
0
0
0
0
0
0
0.00331175
0.0465244
0.0921374
0.140151
0.190564
0.243378
0.298592
0.356205
0.416219
0.478633
0.543447
0.61066
0.680273
0.752286
0.826699
0.903511
0.982723
1
1
1
1
1
1
1
1
1
1
1
1
1
1
1
1
1
1
1
1
1
1
1
1
1
1
1
1
1
1
1
1
0.953916
0.874704
0.797892
0.723479
0.651466
0.581853
0.514639
0.449825
0.387411
0.327397
0.269783
0.214569
0.161756
0.111342
0.0633286
0.0177155
0
0
0
0
0
0
0
0
0
0
0
0
0
0
0
0
0
0
0
0
0
0
0
0
0
0
0
0
0
0
0
0
0
0
0
0
0.0177155
0.0633286
0.111342
0.161756
0.214569
0.269783
0.327397
0.387411
0.449825
0.514639
0.581853
0.651466
0.723479
0.797892
0.874704
0.953916
1
1
1
1
1
1
1
1
1
1
1
1
1
1
1
1
1
1
1
1
1
1
1
1
1
1
1
1
1
1
1
1
0.92751
0.848298
0.771486
0.697073
0.625059
0.555446
0.488232
0.423418
0.361004
0.30099
0.243376
0.188162
0.135348
0.084934
0.0369205
0
0
0
0
0
0
0
0
0
0
0
0
0
0
0
0
0
0
0
0
0
0
0
0
0
0
0
0
0
0
0
0
0
0
0
0
0
0
0.0369205
0.084934
0.135348
0.188162
0.243376
0.30099
0.361004
0.423418
0.488232
0.555446
0.625059
0.697073
0.771486
0.848298
0.92751
1
1
1
1
1
1
1
1
1
1
1
1
1
1
1
1
1
1
1
1
1
1
1
1
1
1
1
1
1
1
1
0.985116
0.903504
0.824292
0.74748
0.673067
0.601053
0.53144
0.464226
0.399412
0.336997
0.276983
0.219369
0.164155
0.111341
0.0609266
0.012913
0
0
0
0
0
0
0
0
0
0
0
0
0
0
0
0
0
0
0
0
0
0
0
0
0
0
0
0
0
0
0
0
0
0
0
0
0
0
0.012913
0.0609266
0.111341
0.164155
0.219369
0.276983
0.336997
0.399412
0.464226
0.53144
0.601053
0.673067
0.74748
0.824292
0.903504
0.985116
1
1
1
1
1
1
1
1
1
1
1
1
1
1
1
1
1
1
1
1
1
1
1
1
1
1
1
1
1
1
0.963511
0.881899
0.802687
0.725874
0.651461
0.579448
0.509834
0.44262
0.377806
0.315391
0.255377
0.197762
0.142548
0.0897339
0.0393199
0
0
0
0
0
0
0
0
0
0
0
0
0
0
0
0
0
0
0
0
0
0
0
0
0
0
0
0
0
0
0
0
0
0
0
0
0
0
0
0
0.0393199
0.0897339
0.142548
0.197762
0.255377
0.315391
0.377806
0.44262
0.509834
0.579448
0.651461
0.725874
0.802687
0.881899
0.963511
1
1
1
1
1
1
1
1
1
1
1
1
1
1
1
1
1
1
1
1
1
1
1
1
1
1
1
1
1
1
0.944306
0.862695
0.783482
0.706669
0.632256
0.560242
0.490629
0.423414
0.3586
0.296186
0.236171
0.178557
0.123342
0.0705279
0.0201138
0
0
0
0
0
0
0
0
0
0
0
0
0
0
0
0
0
0
0
0
0
0
0
0
0
0
0
0
0
0
0
0
0
0
0
0
0
0
0
0
0.0201138
0.0705279
0.123342
0.178557
0.236171
0.296186
0.3586
0.423414
0.490629
0.560242
0.632256
0.706669
0.783482
0.862695
0.944306
1
1
1
1
1
1
1
1
1
1
1
1
1
1
1
1
1
1
1
1
1
1
1
1
1
1
1
1
1
1
0.927502
0.84589
0.766678
0.689865
0.615452
0.543438
0.473824
0.40661
0.341795
0.279381
0.219366
0.161752
0.106537
0.0537226
0.00330842
0
0
0
0
0
0
0
0
0
0
0
0
0
0
0
0
0
0
0
0
0
0
0
0
0
0
0
0
0
0
0
0
0
0
0
0
0
0
0
0
0.00330842
0.0537226
0.106537
0.161752
0.219366
0.279381
0.341795
0.40661
0.473824
0.543438
0.615452
0.689865
0.766678
0.84589
0.927502
1
1
1
1
1
1
1
1
1
1
1
1
1
1
1
1
1
1
1
1
1
1
1
1
1
1
1
1
1
0.99711
0.913099
0.831487
0.752274
0.675461
0.601048
0.529034
0.45942
0.392206
0.327391
0.264976
0.204962
0.147347
0.0921325
0.039318
0
0
0
0
0
0
0
0
0
0
0
0
0
0
0
0
0
0
0
0
0
0
0
0
0
0
0
0
0
0
0
0
0
0
0
0
0
0
0
0
0
0
0.039318
0.0921325
0.147347
0.204962
0.264976
0.327391
0.392206
0.45942
0.529034
0.601048
0.675461
0.752274
0.831487
0.913099
0.99711
1
1
1
1
1
1
1
1
1
1
1
1
1
1
1
1
1
1
1
1
1
1
1
1
1
1
1
1
0.985107
0.901096
0.819484
0.740271
0.663458
0.589045
0.517031
0.447417
0.380202
0.315388
0.252973
0.192958
0.135343
0.0801287
0.0273142
0
0
0
0
0
0
0
0
0
0
0
0
0
0
0
0
0
0
0
0
0
0
0
0
0
0
0
0
0
0
0
0
0
0
0
0
0
0
0
0
0
0
0.0273142
0.0801287
0.135343
0.192958
0.252973
0.315388
0.380202
0.447417
0.517031
0.589045
0.663458
0.740271
0.819484
0.901096
0.985107
1
1
1
1
1
1
1
1
1
1
1
1
1
1
1
1
1
1
1
1
1
1
1
1
1
1
1
1
0.975505
0.891494
0.809881
0.730669
0.653856
0.579442
0.507428
0.437814
0.370599
0.305785
0.24337
0.183355
0.12574
0.0705257
0.0177111
0
0
0
0
0
0
0
0
0
0
0
0
0
0
0
0
0
0
0
0
0
0
0
0
0
0
0
0
0
0
0
0
0
0
0
0
0
0
0
0
0
0
0.0177111
0.0705257
0.12574
0.183355
0.24337
0.305785
0.370599
0.437814
0.507428
0.579442
0.653856
0.730669
0.809881
0.891494
0.975505
1
1
1
1
1
1
1
1
1
1
1
1
1
1
1
1
1
1
1
1
1
1
1
1
1
1
1
1
0.968303
0.884292
0.80268
0.723467
0.646654
0.57224
0.500226
0.430612
0.363397
0.298583
0.236168
0.176153
0.118538
0.0633234
0.0105088
0
0
0
0
0
0
0
0
0
0
0
0
0
0
0
0
0
0
0
0
0
0
0
0
0
0
0
0
0
0
0
0
0
0
0
0
0
0
0
0
0
0
0.0105088
0.0633234
0.118538
0.176153
0.236168
0.298583
0.363397
0.430612
0.500226
0.57224
0.646654
0.723467
0.80268
0.884292
0.968303
1
1
1
1
1
1
1
1
1
1
1
1
1
1
1
1
1
1
1
1
1
1
1
1
1
1
1
1
0.963502
0.879491
0.797878
0.718666
0.641852
0.567439
0.495425
0.42581
0.358596
0.293781
0.231366
0.171352
0.113737
0.0585219
0.00570724
0
0
0
0
0
0
0
0
0
0
0
0
0
0
0
0
0
0
0
0
0
0
0
0
0
0
0
0
0
0
0
0
0
0
0
0
0
0
0
0
0
0
0.00570724
0.0585219
0.113737
0.171352
0.231366
0.293781
0.358596
0.42581
0.495425
0.567439
0.641852
0.718666
0.797878
0.879491
0.963502
1
1
1
1
1
1
1
1
1
1
1
1
1
1
1
1
1
1
1
1
1
1
1
1
1
1
1
1
0.961102
0.87709
0.795478
0.716265
0.639452
0.565038
0.493024
0.42341
0.356195
0.291381
0.228966
0.168951
0.111336
0.0561211
0.00330646
0
0
0
0
0
0
0
0
0
0
0
0
0
0
0
0
0
0
0
0
0
0
0
0
0
0
0
0
0
0
0
0
0
0
0
0
0
0
0
0
0
0
0.00330646
0.0561211
0.111336
0.168951
0.228966
0.291381
0.356195
0.42341
0.493024
0.565038
0.639452
0.716265
0.795478
0.87709
0.961102
1
1
1
1
1
1
1
1
1
1
1
1
1
1
1
1
1
1
1
1
1
1
1
1
1
1
1
1
0.961102
0.87709
0.795478
0.716265
0.639452
0.565038
0.493024
0.42341
0.356195
0.291381
0.228966
0.168951
0.111336
0.0561211
0.00330646
0
0
0
0
0
0
0
0
0
0
0
0
0
0
0
0
0
0
0
0
0
0
0
0
0
0
0
0
0
0
0
0
0
0
0
0
0
0
0
0
0
0
0.00330646
0.0561211
0.111336
0.168951
0.228966
0.291381
0.356195
0.42341
0.493024
0.565038
0.639452
0.716265
0.795478
0.87709
0.961102
1
1
1
1
1
1
1
1
1
1
1
1
1
1
1
1
1
1
1
1
1
1
1
1
1
1
1
1
0.963502
0.879491
0.797878
0.718666
0.641852
0.567439
0.495425
0.42581
0.358596
0.293781
0.231366
0.171352
0.113737
0.0585219
0.00570724
0
0
0
0
0
0
0
0
0
0
0
0
0
0
0
0
0
0
0
0
0
0
0
0
0
0
0
0
0
0
0
0
0
0
0
0
0
0
0
0
0
0
0.00570724
0.0585219
0.113737
0.171352
0.231366
0.293781
0.358596
0.42581
0.495425
0.567439
0.641852
0.718666
0.797878
0.879491
0.963502
1
1
1
1
1
1
1
1
1
1
1
1
1
1
1
1
1
1
1
1
1
1
1
1
1
1
1
1
0.968303
0.884292
0.80268
0.723467
0.646654
0.57224
0.500226
0.430612
0.363397
0.298583
0.236168
0.176153
0.118538
0.0633234
0.0105088
0
0
0
0
0
0
0
0
0
0
0
0
0
0
0
0
0
0
0
0
0
0
0
0
0
0
0
0
0
0
0
0
0
0
0
0
0
0
0
0
0
0
0.0105088
0.0633234
0.118538
0.176153
0.236168
0.298583
0.363397
0.430612
0.500226
0.57224
0.646654
0.723467
0.80268
0.884292
0.968303
1
1
1
1
1
1
1
1
1
1
1
1
1
1
1
1
1
1
1
1
1
1
1
1
1
1
1
1
0.975505
0.891494
0.809881
0.730669
0.653856
0.579442
0.507428
0.437814
0.370599
0.305785
0.24337
0.183355
0.12574
0.0705257
0.0177111
0
0
0
0
0
0
0
0
0
0
0
0
0
0
0
0
0
0
0
0
0
0
0
0
0
0
0
0
0
0
0
0
0
0
0
0
0
0
0
0
0
0
0.0177111
0.0705257
0.12574
0.183355
0.24337
0.305785
0.370599
0.437814
0.507428
0.579442
0.653856
0.730669
0.809881
0.891494
0.975505
1
1
1
1
1
1
1
1
1
1
1
1
1
1
1
1
1
1
1
1
1
1
1
1
1
1
1
1
0.985107
0.901096
0.819484
0.740271
0.663458
0.589045
0.517031
0.447417
0.380202
0.315388
0.252973
0.192958
0.135343
0.0801287
0.0273142
0
0
0
0
0
0
0
0
0
0
0
0
0
0
0
0
0
0
0
0
0
0
0
0
0
0
0
0
0
0
0
0
0
0
0
0
0
0
0
0
0
0
0.0273142
0.0801287
0.135343
0.192958
0.252973
0.315388
0.380202
0.447417
0.517031
0.589045
0.663458
0.740271
0.819484
0.901096
0.985107
1
1
1
1
1
1
1
1
1
1
1
1
1
1
1
1
1
1
1
1
1
1
1
1
1
1
1
1
0.99711
0.913099
0.831487
0.752274
0.675461
0.601048
0.529034
0.45942
0.392206
0.327391
0.264976
0.204962
0.147347
0.0921325
0.039318
0
0
0
0
0
0
0
0
0
0
0
0
0
0
0
0
0
0
0
0
0
0
0
0
0
0
0
0
0
0
0
0
0
0
0
0
0
0
0
0
0
0
0.039318
0.0921325
0.147347
0.204962
0.264976
0.327391
0.392206
0.45942
0.529034
0.601048
0.675461
0.752274
0.831487
0.913099
0.99711
1
1
1
1
1
1
1
1
1
1
1
1
1
1
1
1
1
1
1
1
1
1
1
1
1
1
1
1
1
0.927502
0.84589
0.766678
0.689865
0.615452
0.543438
0.473824
0.40661
0.341795
0.279381
0.219366
0.161752
0.106537
0.0537226
0.00330842
0
0
0
0
0
0
0
0
0
0
0
0
0
0
0
0
0
0
0
0
0
0
0
0
0
0
0
0
0
0
0
0
0
0
0
0
0
0
0
0
0.00330842
0.0537226
0.106537
0.161752
0.219366
0.279381
0.341795
0.40661
0.473824
0.543438
0.615452
0.689865
0.766678
0.84589
0.927502
1
1
1
1
1
1
1
1
1
1
1
1
1
1
1
1
1
1
1
1
1
1
1
1
1
1
1
1
1
1
0.944306
0.862695
0.783482
0.706669
0.632256
0.560242
0.490629
0.423414
0.3586
0.296186
0.236171
0.178557
0.123342
0.0705279
0.0201138
0
0
0
0
0
0
0
0
0
0
0
0
0
0
0
0
0
0
0
0
0
0
0
0
0
0
0
0
0
0
0
0
0
0
0
0
0
0
0
0
0.0201138
0.0705279
0.123342
0.178557
0.236171
0.296186
0.3586
0.423414
0.490629
0.560242
0.632256
0.706669
0.783482
0.862695
0.944306
1
1
1
1
1
1
1
1
1
1
1
1
1
1
1
1
1
1
1
1
1
1
1
1
1
1
1
1
1
1
0.963511
0.881899
0.802687
0.725874
0.651461
0.579448
0.509834
0.44262
0.377806
0.315391
0.255377
0.197762
0.142548
0.0897339
0.0393199
0
0
0
0
0
0
0
0
0
0
0
0
0
0
0
0
0
0
0
0
0
0
0
0
0
0
0
0
0
0
0
0
0
0
0
0
0
0
0
0
0.0393199
0.0897339
0.142548
0.197762
0.255377
0.315391
0.377806
0.44262
0.509834
0.579448
0.651461
0.725874
0.802687
0.881899
0.963511
1
1
1
1
1
1
1
1
1
1
1
1
1
1
1
1
1
1
1
1
1
1
1
1
1
1
1
1
1
1
0.985116
0.903504
0.824292
0.74748
0.673067
0.601053
0.53144
0.464226
0.399412
0.336997
0.276983
0.219369
0.164155
0.111341
0.0609266
0.012913
0
0
0
0
0
0
0
0
0
0
0
0
0
0
0
0
0
0
0
0
0
0
0
0
0
0
0
0
0
0
0
0
0
0
0
0
0
0
0.012913
0.0609266
0.111341
0.164155
0.219369
0.276983
0.336997
0.399412
0.464226
0.53144
0.601053
0.673067
0.74748
0.824292
0.903504
0.985116
1
1
1
1
1
1
1
1
1
1
1
1
1
1
1
1
1
1
1
1
1
1
1
1
1
1
1
1
1
1
1
0.92751
0.848298
0.771486
0.697073
0.625059
0.555446
0.488232
0.423418
0.361004
0.30099
0.243376
0.188162
0.135348
0.084934
0.0369205
0
0
0
0
0
0
0
0
0
0
0
0
0
0
0
0
0
0
0
0
0
0
0
0
0
0
0
0
0
0
0
0
0
0
0
0
0
0
0.0369205
0.084934
0.135348
0.188162
0.243376
0.30099
0.361004
0.423418
0.488232
0.555446
0.625059
0.697073
0.771486
0.848298
0.92751
1
1
1
1
1
1
1
1
1
1
1
1
1
1
1
1
1
1
1
1
1
1
1
1
1
1
1
1
1
1
1
1
0.953916
0.874704
0.797892
0.723479
0.651466
0.581853
0.514639
0.449825
0.387411
0.327397
0.269783
0.214569
0.161756
0.111342
0.0633286
0.0177155
0
0
0
0
0
0
0
0
0
0
0
0
0
0
0
0
0
0
0
0
0
0
0
0
0
0
0
0
0
0
0
0
0
0
0
0
0.0177155
0.0633286
0.111342
0.161756
0.214569
0.269783
0.327397
0.387411
0.449825
0.514639
0.581853
0.651466
0.723479
0.797892
0.874704
0.953916
1
1
1
1
1
1
1
1
1
1
1
1
1
1
1
1
1
1
1
1
1
1
1
1
1
1
1
1
1
1
1
1
0.982723
0.903511
0.826699
0.752286
0.680273
0.61066
0.543447
0.478633
0.416219
0.356205
0.298592
0.243378
0.190564
0.140151
0.0921374
0.0465244
0.00331175
0
0
0
0
0
0
0
0
0
0
0
0
0
0
0
0
0
0
0
0
0
0
0
0
0
0
0
0
0
0
0
0
0
0
0.00331175
0.0465244
0.0921374
0.140151
0.190564
0.243378
0.298592
0.356205
0.416219
0.478633
0.543447
0.61066
0.680273
0.752286
0.826699
0.903511
0.982723
1
1
1
1
1
1
1
1
1
1
1
1
1
1
1
1
1
1
1
1
1
1
1
1
1
1
1
1
1
1
1
1
1
0.934718
0.857906
0.783494
0.711481
0.641868
0.574655
0.509841
0.447428
0.387414
0.3298
0.274587
0.221773
0.17136
0.123347
0.0777338
0.0345213
0
0
0
0
0
0
0
0
0
0
0
0
0
0
0
0
0
0
0
0
0
0
0
0
0
0
0
0
0
0
0
0
0
0
0.0345213
0.0777338
0.123347
0.17136
0.221773
0.274587
0.3298
0.387414
0.447428
0.509841
0.574655
0.641868
0.711481
0.783494
0.857906
0.934718
1
1
1
1
1
1
1
1
1
1
1
1
1
1
1
1
1
1
1
1
1
1
1
1
1
1
1
1
1
1
1
1
1
1
0.968326
0.891514
0.817102
0.745089
0.675476
0.608263
0.54345
0.481036
0.421023
0.363409
0.308196
0.255383
0.204969
0.156957
0.111344
0.0681315
0.0273195
0
0
0
0
0
0
0
0
0
0
0
0
0
0
0
0
0
0
0
0
0
0
0
0
0
0
0
0
0
0
0
0
0.0273195
0.0681315
0.111344
0.156957
0.204969
0.255383
0.308196
0.363409
0.421023
0.481036
0.54345
0.608263
0.675476
0.745089
0.817102
0.891514
0.968326
1
1
1
1
1
1
1
1
1
1
1
1
1
1
1
1
1
1
1
1
1
1
1
1
1
1
1
1
1
1
1
1
1
1
1
0.927522
0.85311
0.781097
0.711485
0.644272
0.579459
0.517046
0.457032
0.399419
0.344206
0.291393
0.24098
0.192967
0.147354
0.104142
0.0633303
0.0249189
0
0
0
0
0
0
0
0
0
0
0
0
0
0
0
0
0
0
0
0
0
0
0
0
0
0
0
0
0
0
0.0249189
0.0633303
0.104142
0.147354
0.192967
0.24098
0.291393
0.344206
0.399419
0.457032
0.517046
0.579459
0.644272
0.711485
0.781097
0.85311
0.927522
1
1
1
1
1
1
1
1
1
1
1
1
1
1
1
1
1
1
1
1
1
1
1
1
1
1
1
1
1
1
1
1
1
1
1
1
0.96593
0.891518
0.819506
0.749894
0.682681
0.617868
0.555455
0.495442
0.437829
0.382616
0.329803
0.27939
0.231378
0.185765
0.142553
0.101742
0.0633303
0.0273195
0
0
0
0
0
0
0
0
0
0
0
0
0
0
0
0
0
0
0
0
0
0
0
0
0
0
0
0
0.0273195
0.0633303
0.101742
0.142553
0.185765
0.231378
0.27939
0.329803
0.382616
0.437829
0.495442
0.555455
0.617868
0.682681
0.749894
0.819506
0.891518
0.96593
1
1
1
1
1
1
1
1
1
1
1
1
1
1
1
1
1
1
1
1
1
1
1
1
1
1
1
1
1
1
1
1
1
1
1
1
1
0.932327
0.860315
0.790703
0.723491
0.658678
0.596265
0.536252
0.478639
0.423426
0.370614
0.320201
0.272189
0.226577
0.183365
0.142553
0.104142
0.0681315
0.0345213
0.00331175
0
0
0
0
0
0
0
0
0
0
0
0
0
0
0
0
0
0
0
0
0
0
0
0
0.00331175
0.0345213
0.0681315
0.104142
0.142553
0.183365
0.226577
0.272189
0.320201
0.370614
0.423426
0.478639
0.536252
0.596265
0.658678
0.723491
0.790703
0.860315
0.932327
1
1
1
1
1
1
1
1
1
1
1
1
1
1
1
1
1
1
1
1
1
1
1
1
1
1
1
1
1
1
1
1
1
1
1
1
1
1
0.975536
0.903525
0.833913
0.7667
0.701888
0.639475
0.579463
0.52185
0.466637
0.413825
0.363412
0.3154
0.269788
0.226577
0.185765
0.147354
0.111344
0.0777338
0.0465244
0.0177155
0
0
0
0
0
0
0
0
0
0
0
0
0
0
0
0
0
0
0
0
0
0
0.0177155
0.0465244
0.0777338
0.111344
0.147354
0.185765
0.226577
0.269788
0.3154
0.363412
0.413825
0.466637
0.52185
0.579463
0.639475
0.701888
0.7667
0.833913
0.903525
0.975536
1
1
1
1
1
1
1
1
1
1
1
1
1
1
1
1
1
1
1
1
1
1
1
1
1
1
1
1
1
1
1
1
1
1
1
1
1
1
1
0.949134
0.879522
0.81231
0.747498
0.685086
0.625073
0.567461
0.512248
0.459436
0.409024
0.361012
0.3154
0.272189
0.231378
0.192967
0.156957
0.123347
0.0921374
0.0633286
0.0369205
0.012913
0
0
0
0
0
0
0
0
0
0
0
0
0
0
0
0
0
0
0.012913
0.0369205
0.0633286
0.0921374
0.123347
0.156957
0.192967
0.231378
0.272189
0.3154
0.361012
0.409024
0.459436
0.512248
0.567461
0.625073
0.685086
0.747498
0.81231
0.879522
0.949134
1
1
1
1
1
1
1
1
1
1
1
1
1
1
1
1
1
1
1
1
1
1
1
1
1
1
1
1
1
1
1
1
1
1
1
1
1
1
1
1
0.997144
0.927532
0.860321
0.795509
0.733096
0.673084
0.615472
0.56026
0.507448
0.457036
0.409024
0.363412
0.320201
0.27939
0.24098
0.204969
0.17136
0.140151
0.111342
0.084934
0.0609266
0.0393199
0.0201138
0.00330842
0
0
0
0
0
0
0
0
0
0
0
0
0.00330842
0.0201138
0.0393199
0.0609266
0.084934
0.111342
0.140151
0.17136
0.204969
0.24098
0.27939
0.320201
0.363412
0.409024
0.457036
0.507448
0.56026
0.615472
0.673084
0.733096
0.795509
0.860321
0.927532
0.997144
1
1
1
1
1
1
1
1
1
1
1
1
1
1
1
1
1
1
1
1
1
1
1
1
1
1
1
1
1
1
1
1
1
1
1
1
1
1
1
1
1
0.977943
0.910731
0.845919
0.783507
0.723495
0.665883
0.610671
0.557859
0.507448
0.459436
0.413825
0.370614
0.329803
0.291393
0.255383
0.221773
0.190564
0.161756
0.135348
0.111341
0.0897339
0.0705279
0.0537226
0.039318
0.0273142
0.0177111
0.0105088
0.00570724
0.00330646
0.00330646
0.00570724
0.0105088
0.0177111
0.0273142
0.039318
0.0537226
0.0705279
0.0897339
0.111341
0.135348
0.161756
0.190564
0.221773
0.255383
0.291393
0.329803
0.370614
0.413825
0.459436
0.507448
0.557859
0.610671
0.665883
0.723495
0.783507
0.845919
0.910731
0.977943
1
1
1
1
1
1
1
1
1
1
1
1
1
1
1
1
1
1
1
1
1
1
1
1
1
1
1
1
1
1
1
1
1
1
1
1
1
1
1
1
1
1
1
0.963541
0.89873
0.836318
0.776306
0.718695
0.663483
0.610671
0.56026
0.512248
0.466637
0.423426
0.382616
0.344206
0.308196
0.274587
0.243378
0.214569
0.188162
0.164155
0.142548
0.123342
0.106537
0.0921325
0.0801287
0.0705257
0.0633234
0.0585219
0.0561211
0.0561211
0.0585219
0.0633234
0.0705257
0.0801287
0.0921325
0.106537
0.123342
0.142548
0.164155
0.188162
0.214569
0.243378
0.274587
0.308196
0.344206
0.382616
0.423426
0.466637
0.512248
0.56026
0.610671
0.663483
0.718695
0.776306
0.836318
0.89873
0.963541
1
1
1
1
1
1
1
1
1
1
1
1
1
1
1
1
1
1
1
1
1
1
1
1
1
1
1
1
1
1
1
1
1
1
1
1
1
1
1
1
1
1
1
1
1
0.953941
0.891529
0.831518
0.773906
0.718695
0.665883
0.615472
0.567461
0.52185
0.478639
0.437829
0.399419
0.363409
0.3298
0.298592
0.269783
0.243376
0.219369
0.197762
0.178557
0.161752
0.147347
0.135343
0.12574
0.118538
0.113737
0.111336
0.111336
0.113737
0.118538
0.12574
0.135343
0.147347
0.161752
0.178557
0.197762
0.219369
0.243376
0.269783
0.298592
0.3298
0.363409
0.399419
0.437829
0.478639
0.52185
0.567461
0.615472
0.665883
0.718695
0.773906
0.831518
0.891529
0.953941
1
1
1
1
1
1
1
1
1
1
1
1
1
1
1
1
1
1
1
1
1
1
1
1
1
1
1
1
1
1
1
1
1
1
1
1
1
1
1
1
1
1
1
1
1
1
1
0.94914
0.889129
0.831518
0.776306
0.723495
0.673084
0.625073
0.579463
0.536252
0.495442
0.457032
0.421023
0.387414
0.356205
0.327397
0.30099
0.276983
0.255377
0.236171
0.219366
0.204962
0.192958
0.183355
0.176153
0.171352
0.168951
0.168951
0.171352
0.176153
0.183355
0.192958
0.204962
0.219366
0.236171
0.255377
0.276983
0.30099
0.327397
0.356205
0.387414
0.421023
0.457032
0.495442
0.536252
0.579463
0.625073
0.673084
0.723495
0.776306
0.831518
0.889129
0.94914
1
1
1
1
1
1
1
1
1
1
1
1
1
1
1
1
1
1
1
1
1
1
1
1
1
1
1
1
1
1
1
1
1
1
1
1
1
1
1
1
1
1
1
1
1
1
1
1
1
0.94914
0.891529
0.836318
0.783507
0.733096
0.685086
0.639475
0.596265
0.555455
0.517046
0.481036
0.447428
0.416219
0.387411
0.361004
0.336997
0.315391
0.296186
0.279381
0.264976
0.252973
0.24337
0.236168
0.231366
0.228966
0.228966
0.231366
0.236168
0.24337
0.252973
0.264976
0.279381
0.296186
0.315391
0.336997
0.361004
0.387411
0.416219
0.447428
0.481036
0.517046
0.555455
0.596265
0.639475
0.685086
0.733096
0.783507
0.836318
0.891529
0.94914
1
1
1
1
1
1
1
1
1
1
1
1
1
1
1
1
1
1
1
1
1
1
1
1
1
1
1
1
1
1
1
1
1
1
1
1
1
1
1
1
1
1
1
1
1
1
1
1
1
1
1
0.953941
0.89873
0.845919
0.795509
0.747498
0.701888
0.658678
0.617868
0.579459
0.54345
0.509841
0.478633
0.449825
0.423418
0.399412
0.377806
0.3586
0.341795
0.327391
0.315388
0.305785
0.298583
0.293781
0.291381
0.291381
0.293781
0.298583
0.305785
0.315388
0.327391
0.341795
0.3586
0.377806
0.399412
0.423418
0.449825
0.478633
0.509841
0.54345
0.579459
0.617868
0.658678
0.701888
0.747498
0.795509
0.845919
0.89873
0.953941
1
1
1
1
1
1
1
1
1
1
1
1
1
1
1
1
1
1
1
1
1
1
1
1
1
1
1
1
1
1
1
1
1
1
1
1
1
1
1
1
1
1
1
1
1
1
1
1
1
1
1
1
1
0.963541
0.910731
0.860321
0.81231
0.7667
0.723491
0.682681
0.644272
0.608263
0.574655
0.543447
0.514639
0.488232
0.464226
0.44262
0.423414
0.40661
0.392206
0.380202
0.370599
0.363397
0.358596
0.356195
0.356195
0.358596
0.363397
0.370599
0.380202
0.392206
0.40661
0.423414
0.44262
0.464226
0.488232
0.514639
0.543447
0.574655
0.608263
0.644272
0.682681
0.723491
0.7667
0.81231
0.860321
0.910731
0.963541
1
1
1
1
1
1
1
1
1
1
1
1
1
1
1
1
1
1
1
1
1
1
1
1
1
1
1
1
1
1
1
1
1
1
1
1
1
1
1
1
1
1
1
1
1
1
1
1
1
1
1
1
1
1
1
0.977943
0.927532
0.879522
0.833913
0.790703
0.749894
0.711485
0.675476
0.641868
0.61066
0.581853
0.555446
0.53144
0.509834
0.490629
0.473824
0.45942
0.447417
0.437814
0.430612
0.42581
0.42341
0.42341
0.42581
0.430612
0.437814
0.447417
0.45942
0.473824
0.490629
0.509834
0.53144
0.555446
0.581853
0.61066
0.641868
0.675476
0.711485
0.749894
0.790703
0.833913
0.879522
0.927532
0.977943
1
1
1
1
1
1
1
1
1
1
1
1
1
1
1
1
1
1
1
1
1
1
1
1
1
1
1
1
1
1
1
1
1
1
1
1
1
1
1
1
1
1
1
1
1
1
1
1
1
1
1
1
1
1
1
1
1
0.997144
0.949134
0.903525
0.860315
0.819506
0.781097
0.745089
0.711481
0.680273
0.651466
0.625059
0.601053
0.579448
0.560242
0.543438
0.529034
0.517031
0.507428
0.500226
0.495425
0.493024
0.493024
0.495425
0.500226
0.507428
0.517031
0.529034
0.543438
0.560242
0.579448
0.601053
0.625059
0.651466
0.680273
0.711481
0.745089
0.781097
0.819506
0.860315
0.903525
0.949134
0.997144
1
1
1
1
1
1
1
1
1
1
1
1
1
1
1
1
1
1
1
1
1
1
1
1
1
1
1
1
1
1
1
1
1
1
1
1
1
1
1
1
1
1
1
1
1
1
1
1
1
1
1
1
1
1
1
1
1
1
1
1
0.975536
0.932327
0.891518
0.85311
0.817102
0.783494
0.752286
0.723479
0.697073
0.673067
0.651461
0.632256
0.615452
0.601048
0.589045
0.579442
0.57224
0.567439
0.565038
0.565038
0.567439
0.57224
0.579442
0.589045
0.601048
0.615452
0.632256
0.651461
0.673067
0.697073
0.723479
0.752286
0.783494
0.817102
0.85311
0.891518
0.932327
0.975536
1
1
1
1
1
1
1
1
1
1
1
1
1
1
1
1
1
1
1
1
1
1
1
1
1
1
1
1
1
1
1
1
1
1
1
1
1
1
1
1
1
1
1
1
1
1
1
1
1
1
1
1
1
1
1
1
1
1
1
1
1
1
1
1
0.96593
0.927522
0.891514
0.857906
0.826699
0.797892
0.771486
0.74748
0.725874
0.706669
0.689865
0.675461
0.663458
0.653856
0.646654
0.641852
0.639452
0.639452
0.641852
0.646654
0.653856
0.663458
0.675461
0.689865
0.706669
0.725874
0.74748
0.771486
0.797892
0.826699
0.857906
0.891514
0.927522
0.96593
1
1
1
1
1
1
1
1
1
1
1
1
1
1
1
1
1
1
1
1
1
1
1
1
1
1
1
1
1
1
1
1
1
1
1
1
1
1
1
1
1
1
1
1
1
1
1
1
1
1
1
1
1
1
1
1
1
1
1
1
1
1
1
1
1
1
1
1
0.968326
0.934718
0.903511
0.874704
0.848298
0.824292
0.802687
0.783482
0.766678
0.752274
0.740271
0.730669
0.723467
0.718666
0.716265
0.716265
0.718666
0.723467
0.730669
0.740271
0.752274
0.766678
0.783482
0.802687
0.824292
0.848298
0.874704
0.903511
0.934718
0.968326
1
1
1
1
1
1
1
1
1
1
1
1
1
1
1
1
1
1
1
1
1
1
1
1
1
1
1
1
1
1
1
1
1
1
1
1
1
1
1
1
1
1
1
1
1
1
1
1
1
1
1
1
1
1
1
1
1
1
1
1
1
1
1
1
1
1
1
1
1
1
1
1
0.982723
0.953916
0.92751
0.903504
0.881899
0.862695
0.84589
0.831487
0.819484
0.809881
0.80268
0.797878
0.795478
0.795478
0.797878
0.80268
0.809881
0.819484
0.831487
0.84589
0.862695
0.881899
0.903504
0.92751
0.953916
0.982723
1
1
1
1
1
1
1
1
1
1
1
1
1
1
1
1
1
1
1
1
1
1
1
1
1
1
1
1
1
1
1
1
1
1
1
1
1
1
1
1
1
1
1
1
1
1
1
1
1
1
1
1
1
1
1
1
1
1
1
1
1
1
1
1
1
1
1
1
1
1
1
1
1
1
1
1
1
0.985116
0.963511
0.944306
0.927502
0.913099
0.901096
0.891494
0.884292
0.879491
0.87709
0.87709
0.879491
0.884292
0.891494
0.901096
0.913099
0.927502
0.944306
0.963511
0.985116
1
1
1
1
1
1
1
1
1
1
1
1
1
1
1
1
1
1
1
1
1
1
1
1
1
1
1
1
1
1
1
1
1
1
1
1
1
1
1
1
1
1
1
1
1
1
1
1
1
1
1
1
1
1
1
1
1
1
1
1
1
1
1
1
1
1
1
1
1
1
1
1
1
1
1
1
1
1
1
1
1
1
1
1
0.99711
0.985107
0.975505
0.968303
0.963502
0.961102
0.961102
0.963502
0.968303
0.975505
0.985107
0.99711
1
1
1
1
1
1
1
1
1
1
1
1
1
1
1
1
1
1
1
1
1
1
1
1
1
1
1
1
1
1
1
1
1
1
1
1
1
1
1
1
1
1
1
1
1
1
1
1
1
1
1
1
1
1
1
1
1
1
1
1
1
1
1
1
1
1
1
1
1
1
1
1
1
1
1
1
1
1
1
1
1
1
1
1
1
1
1
1
1
1
1
1
1
1
1
1
1
1
1
1
1
1
1
1
1
1
1
1
1
1
1
1
1
1
1
1
1
1
1
1
1
1
1
1
1
1
1
1
1
1
1
1
1
1
1
1
1
1
1
1
1
1
1
1
1
1
1
1
1
1
1
1
1
1
1
1
1
1
1
1
1
1
1
1
1
1
1
1
1
1
1
1
1
1
1
1
1
1
1
1
1
1
1
1
1
1
1
1
1
1
1
1
1
1
1
1
1
1
1
1
1
1
1
1
1
1
1
1
1
1
1
1
1
1
1
1
1
1
1
1
1
1
1
1
1
1
1
1
1
1
1
1
1
1
1
1
1
1
1
1
1
1
1
1
1
1
1
1
1
1
1
1
1
1
1
1
1
1
1
1
1
1
1
1
1
1
1
1
1
1
1
1
1
1
1
1
1
1
1
1
1
1
1
1
1
1
1
1
1
1
1
1
1
1
1
1
1
1
1
1
1
1
1
1
1
1
1
1
1
1
1
1
1
1
1
1
1
1
1
1
1
1
1
1
1
1
1
1
1
1
1
1
1
1
1
1
1
1
1
1
1
1
1
1
1
1
1
1
1
1
1
1
1
1
1
1
1
1
1
1
1
1
1
1
1
1
1
1
1
1
1
1
1
1
1
1
1
1
1
1
1
1
1
1
1
1
1
1
1
1
1
1
1
1
1
1
1
1
1
1
1
1
1
1
1
1
1
1
1
1
1
1
1
1
1
1
1
1
1
1
1
1
1
1
1
1
1
1
1
1
1
1
1
1
1
1
1
1
1
1
1
1
1
1
1
1
1
1
1
1
1
1
1
1
1
1
1
1
1
1
1
1
1
1
1
1
1
1
1
1
1
1
1
1
1
1
1
1
1
1
1
1
1
1
1
1
1
1
1
1
1
1
1
1
1
1
1
1
1
1
1
1
1
1
1
1
1
1
1
1
1
1
1
1
1
1
1
1
1
1
1
1
1
1
1
1
1
1
1
1
1
1
1
1
1
1
1
1
1
1
1
1
1
1
1
1
1
1
1
1
1
1
1
1
1
1
1
1
1
1
1
1
1
1
1
1
1
1
1
1
1
1
1
1
1
1
1
1
1
1
1
1
1
1
1
1
1
1
1
1
1
1
1
1
1
1
1
1
1
1
1
1
1
1
1
1
1
1
1
1
1
1
1
1
1
1
1
1
1
1
1
1
1
1
1
1
1
1
1
1
1
1
1
1
1
1
1
1
1
1
1
1
1
1
1
1
1
1
1
1
1
1
1
1
1
1
1
1
1
1
1
1
1
1
1
1
1
1
1
1
1
1
1
1
1
1
1
1
1
1
1
1
1
1
1
1
1
1
1
1
1
1
1
1
1
1
1
1
1
1
1
1
1
1
1
1
1
1
1
1
1
1
1
1
1
1
1
1
1
1
1
1
1
1
1
1
1
1
1
1
1
1
1
1
1
1
1
1
1
1
1
1
1
1
1
1
1
1
1
1
1
1
1
1
1
1
1
1
1
1
1
1
1
1
1
1
1
1
1
1
1
1
1
1
1
1
1
1
1
1
1
1
1
1
1
1
1
1
1
1
1
1
1
1
1
1
1
1
1
1
1
1
1
1
1
1
1
1
1
1
1
1
1
1
1
1
1
1
1
1
1
1
1
1
1
1
1
1
1
1
1
1
1
1
1
1
1
1
1
1
1
1
1
1
1
1
1
1
1
1
1
1
1
1
1
1
1
1
1
1
1
1
1
1
1
1
1
1
1
1
1
1
1
1
1
1
1
1
1
1
1
1
1
1
1
1
1
1
1
1
1
1
1
1
1
1
1
1
1
1
1
1
1
1
1
1
1
1
1
1
1
1
1
1
1
1
1
1
1
1
1
1
1
1
1
1
1
1
1
1
1
1
1
1
1
1
1
1
1
1
1
1
1
1
1
1
1
1
1
1
1
1
1
1
1
1
1
1
1
1
1
1
1
1
1
1
1
1
1
1
1
1
1
1
1
1
1
1
1
1
1
1
1
1
1
1
1
1
1
1
1
1
1
1
1
1
1
1
1
1
1
1
1
1
1
1
1
1
1
1
1
1
1
1
1
1
1
1
1
1
1
1
1
1
1
1
1
1
1
1
1
1
1
1
1
1
1
1
1
1
1
1
1
1
1
1
1
1
1
1
1
1
1
1
1
1
1
1
1
1
1
1
1
1
1
1
1
1
1
1
1
1
1
1
1
1
1
1
1
1
1
1
1
1
1
1
1
1
1
1
1
1
1
1
1
1
1
1
1
1
1
1
1
1
1
1
1
1
1
1
1
1
1
1
1
1
1
1
1
1
1
1
1
1
1
1
1
1
1
1
1
1
1
1
1
1
1
1
1
1
1
1
1
1
1
1
1
1
1
1
1
1
1
1
1
1
1
1
1
1
1
1
1
1
1
1
1
1
1
1
1
1
1
1
1
1
1
1
1
1
1
1
1
1
1
1
1
1
1
1
1
1
1
1
1
1
1
1
1
1
1
1
1
1
1
1
1
1
1
1
1
1
1
1
1
1
1
1
1
1
1
1
1
1
1
1
1
1
1
1
1
1
1
1
1
1
1
1
1
1
1
1
1
1
1
1
1
1
1
1
1
1
1
1
1
1
1
1
1
1
1
1
1
1
1
1
1
1
1
1
1
1
1
1
1
1
1
1
1
1
1
1
1
1
1
1
1
1
1
1
1
1
1
1
1
1
1
1
1
1
1
1
1
1
1
1
1
1
1
1
1
1
1
1
1
1
1
1
1
1
1
1
1
1
1
1
1
1
1
1
1
1
1
1
1
1
1
1
1
1
1
1
1
1
1
1
1
1
1
1
1
1
1
1
1
1
1
1
1
1
1
1
1
1
1
1
1
1
1
1
1
1
1
1
1
1
1
1
1
1
1
1
1
1
1
1
1
1
1
1
1
1
1
1
1
1
1
1
1
1
1
1
1
1
1
1
1
1
1
1
1
1
1
1
1
1
1
1
1
1
1
1
1
1
1
1
1
1
1
1
1
1
1
1
1
1
1
1
1
1
1
1
1
1
)
;

boundaryField
{
    backAndFront
    {
        type            empty;
    }
    dirichletBoundary
    {
        type            fixedValue;
        value           uniform 0;
    }
}


// ************************************************************************* //
