/*--------------------------------*- C++ -*----------------------------------*\
| =========                 |                                                 |
| \\      /  F ield         | OpenFOAM: The Open Source CFD Toolbox           |
|  \\    /   O peration     | Version:  v1806                                 |
|   \\  /    A nd           | Web:      www.OpenFOAM.com                      |
|    \\/     M anipulation  |                                                 |
\*---------------------------------------------------------------------------*/
FoamFile
{
    version     2.0;
    format      ascii;
    class       volScalarField;
    location    "1";
    object      ud;
}
// * * * * * * * * * * * * * * * * * * * * * * * * * * * * * * * * * * * * * //

dimensions      [0 0 0 0 0 0 0];


internalField   nonuniform List<scalar> 
10000
(
1
1
1
1
1
1
1
1
1
1
1
1
1
1
1
1
1
1
1
1
1
1
1
1
1
1
1
1
1
1
1
1
1
1
1
1
1
1
1
1
1
1
1
1
1
1
1
1
1
1
1
1
1
1
1
1
1
1
1
1
1
1
1
1
1
1
1
1
1
1
1
1
1
1
1
1
1
1
1
1
1
1
1
1
1
1
1
1
1
1
1
1
1
1
1
1
1
1
1
1
1
1
1
1
1
1
1
1
1
1
1
1
1
1
1
1
1
1
1
1
1
1
1
1
1
1
1
1
1
1
1
1
1
1
1
1
1
1
1
1
1
1
1
1
1
1
1
1
1
1
1
1
1
1
1
1
1
1
1
1
1
1
1
1
1
1
1
1
1
1
1
1
1
1
1
1
1
1
1
1
1
1
1
1
1
1
1
1
1
1
1
1
1
1
1
1
1
1
1
1
1
1
1
1
1
1
1
1
1
1
1
1
1
1
1
1
1
1
1
1
1
1
1
1
1
1
1
1
1
1
1
1
1
1
1
1
1
1
1
1
1
1
1
1
1
1
1
1
1
1
1
1
1
1
1
1
1
1
1
1
1
1
1
1
1
1
1
1
1
1
1
1
1
1
1
1
1
1
1
1
1
1
1
1
1
1
1
1
1
1
1
1
1
1
1
1
1
1
1
1
1
1
1
1
1
1
1
1
1
1
1
1
1
1
1
1
1
1
1
1
1
1
1
1
1
1
1
1
1
1
1
1
1
1
1
1
1
1
1
1
1
1
1
1
1
1
1
1
1
1
1
1
1
1
1
1
1
1
1
1
1
1
1
1
1
1
1
1
1
1
1
1
1
1
1
1
1
1
1
1
1
1
1
1
1
1
1
1
1
1
1
1
1
1
1
1
1
1
1
1
1
1
1
1
1
1
1
1
1
1
1
1
1
1
1
1
1
1
1
1
1
1
1
1
1
1
1
1
1
1
1
1
1
1
1
1
1
1
1
1
1
1
1
1
1
1
1
1
1
1
1
1
1
1
1
1
1
1
1
1
1
1
1
1
1
1
1
1
1
1
1
1
1
1
1
1
1
1
1
1
1
1
1
1
1
1
1
1
1
1
1
1
1
1
1
1
1
1
1
1
1
1
1
1
1
1
1
1
1
1
1
1
1
1
1
1
1
1
1
1
1
1
1
1
1
1
1
1
1
1
1
1
1
1
1
1
1
1
1
1
1
1
1
1
1
1
1
1
1
1
1
1
1
1
1
1
1
1
1
1
1
1
1
1
1
1
1
1
1
1
1
1
1
1
1
1
1
1
1
1
1
1
1
1
1
1
1
1
1
1
1
1
1
1
1
1
1
1
1
1
1
1
1
1
1
1
1
1
1
1
1
1
1
1
1
1
1
1
1
1
1
1
1
1
1
1
1
1
1
1
1
1
1
1
1
1
1
1
1
1
1
1
1
1
1
1
1
1
1
1
1
1
1
1
1
1
1
1
1
1
1
1
1
1
1
1
1
1
1
1
1
1
1
1
1
1
1
1
1
1
1
1
1
1
1
1
1
1
1
1
1
1
1
1
1
1
1
1
1
1
1
1
1
1
1
1
1
1
1
1
1
1
1
1
1
1
1
1
1
1
1
1
1
1
1
1
1
1
1
1
1
1
1
1
1
1
1
1
1
1
1
1
1
1
1
1
1
1
1
1
1
1
1
1
1
1
1
1
1
1
1
1
1
1
1
1
1
1
1
1
1
1
1
1
1
1
1
1
1
1
1
1
1
1
1
1
1
1
1
1
1
1
1
1
1
1
1
1
1
1
1
1
1
1
1
1
1
1
1
1
1
1
1
1
1
1
1
1
1
1
1
1
1
1
1
1
1
1
1
1
1
1
1
1
1
1
1
1
1
1
1
1
1
1
1
1
1
1
1
1
1
1
1
1
1
1
1
1
1
1
1
1
1
1
1
1
1
1
1
1
1
1
1
1
1
1
1
1
1
1
1
1
1
1
1
1
1
1
1
1
1
1
1
1
1
1
1
1
1
1
1
1
1
1
1
1
1
1
1
1
1
1
1
1
1
1
1
1
1
1
1
1
1
1
1
1
1
1
1
1
1
1
1
1
1
1
1
1
1
1
1
1
1
1
1
1
1
1
1
1
1
1
1
1
1
1
1
1
1
1
1
1
1
1
1
1
1
1
1
1
1
1
1
1
1
1
1
1
1
1
1
1
1
1
1
1
1
1
1
1
1
1
1
1
1
1
1
1
1
1
1
1
1
1
1
1
1
1
1
1
1
1
1
1
1
1
1
1
1
1
1
1
1
1
1
1
1
1
1
1
1
1
1
1
1
1
1
1
1
1
1
1
1
1
1
1
1
1
1
1
1
1
1
1
1
1
1
1
1
1
1
1
1
1
1
1
1
1
1
1
1
1
1
1
1
1
1
1
1
1
1
1
1
1
1
1
1
1
1
1
1
1
1
1
1
1
1
1
1
1
1
1
1
1
1
1
1
1
1
1
1
1
1
1
1
1
1
1
1
1
1
1
1
1
1
1
1
1
1
1
1
1
1
1
1
1
1
1
1
1
1
1
1
1
1
1
1
1
1
1
1
1
1
1
1
1
1
1
1
1
1
1
1
1
1
1
1
1
1
1
1
1
1
1
1
1
1
1
1
1
1
1
1
1
1
1
1
1
1
1
1
1
1
1
1
1
1
1
1
1
1
1
1
1
1
1
1
1
1
1
1
1
1
1
1
1
1
1
1
1
1
1
1
1
1
1
1
1
1
1
1
1
1
1
1
1
1
1
1
1
1
1
1
1
1
1
1
1
1
1
1
1
1
1
1
1
1
1
1
1
1
1
1
1
1
1
1
1
1
1
1
1
1
1
1
1
1
1
1
1
1
1
1
1
1
1
1
1
1
1
1
1
1
1
1
1
1
1
1
1
1
1
1
1
1
1
1
1
1
1
1
1
1
1
1
1
1
1
1
1
1
1
1
1
1
1
1
1
1
1
1
1
1
1
1
1
1
1
1
1
1
1
1
1
1
1
1
1
1
1
1
1
1
1
1
1
1
1
1
1
1
1
1
1
1
1
1
1
1
1
1
1
1
1
1
1
1
1
1
1
1
1
1
1
1
1
1
1
1
1
1
1
1
1
1
1
1
1
1
1
1
1
1
1
1
1
1
1
1
1
1
1
1
1
1
1
1
1
1
1
1
1
1
1
1
1
1
1
1
1
1
1
1
1
1
1
1
1
1
1
1
1
1
1
1
1
1
1
1
1
1
1
1
1
1
1
1
1
1
1
1
1
1
1
1
1
1
1
1
1
1
1
1
1
1
1
1
1
1
1
1
1
1
1
1
1
1
1
1
1
1
1
1
1
1
1
1
1
1
1
1
1
1
1
1
1
1
1
1
1
1
1
1
1
1
1
1
1
1
1
1
1
1
1
1
1
1
1
1
1
1
1
1
1
1
1
1
1
1
1
1
1
1
1
1
1
1
1
1
1
1
1
1
1
1
1
1
1
1
1
1
1
1
1
1
1
1
1
1
1
1
1
1
1
1
1
1
1
1
1
1
1
1
1
1
1
1
1
1
1
1
1
1
1
1
1
1
1
1
1
1
1
1
1
1
1
1
1
1
1
1
1
1
1
1
1
1
1
1
1
1
1
1
1
1
1
1
1
1
1
1
1
1
1
1
1
1
1
1
1
1
1
1
1
1
1
1
1
1
1
1
1
1
1
1
1
1
1
1
1
1
1
1
1
1
1
1
1
1
1
1
1
1
1
1
1
1
1
1
1
1
1
1
1
1
1
1
1
1
1
1
1
1
1
1
1
1
1
1
1
1
1
1
1
1
1
1
1
1
1
1
1
1
1
1
1
1
1
1
1
1
1
1
1
1
1
1
1
1
1
1
1
1
1
1
1
1
1
1
1
1
1
1
0.984867
0.970467
0.958467
0.948867
0.941667
0.936867
0.934467
0.934467
0.936867
0.941667
0.948867
0.958467
0.970467
0.984867
1
1
1
1
1
1
1
1
1
1
1
1
1
1
1
1
1
1
1
1
1
1
1
1
1
1
1
1
1
1
1
1
1
1
1
1
1
1
1
1
1
1
1
1
1
1
1
1
1
1
1
1
1
1
1
1
1
1
1
1
1
1
1
1
1
1
1
1
1
1
1
1
1
1
1
1
1
1
1
1
1
1
0.989667
0.965667
0.944067
0.924867
0.908067
0.893667
0.881667
0.872067
0.864867
0.860067
0.857667
0.857667
0.860067
0.864867
0.872067
0.881667
0.893667
0.908067
0.924867
0.944067
0.965667
0.989667
1
1
1
1
1
1
1
1
1
1
1
1
1
1
1
1
1
1
1
1
1
1
1
1
1
1
1
1
1
1
1
1
1
1
1
1
1
1
1
1
1
1
1
1
1
1
1
1
1
1
1
1
1
1
1
1
1
1
1
1
1
1
1
1
1
1
1
1
1
1
1
1
1
1
1
1
0.970467
0.941667
0.915267
0.891267
0.869667
0.850467
0.833667
0.819267
0.807267
0.797667
0.790467
0.785667
0.783267
0.783267
0.785667
0.790467
0.797667
0.807267
0.819267
0.833667
0.850467
0.869667
0.891267
0.915267
0.941667
0.970467
1
1
1
1
1
1
1
1
1
1
1
1
1
1
1
1
1
1
1
1
1
1
1
1
1
1
1
1
1
1
1
1
1
1
1
1
1
1
1
1
1
1
1
1
1
1
1
1
1
1
1
1
1
1
1
1
1
1
1
1
1
1
1
1
1
1
1
1
1
1
1
0.999267
0.963267
0.929667
0.898467
0.869667
0.843267
0.819267
0.797667
0.778467
0.761667
0.747267
0.735267
0.725667
0.718467
0.713667
0.711267
0.711267
0.713667
0.718467
0.725667
0.735267
0.747267
0.761667
0.778467
0.797667
0.819267
0.843267
0.869667
0.898467
0.929667
0.963267
0.999267
1
1
1
1
1
1
1
1
1
1
1
1
1
1
1
1
1
1
1
1
1
1
1
1
1
1
1
1
1
1
1
1
1
1
1
1
1
1
1
1
1
1
1
1
1
1
1
1
1
1
1
1
1
1
1
1
1
1
1
1
1
1
1
1
1
1
1
0.968067
0.929667
0.893667
0.860067
0.828867
0.800067
0.773667
0.749667
0.728067
0.708867
0.692067
0.677667
0.665667
0.656067
0.648867
0.644067
0.641667
0.641667
0.644067
0.648867
0.656067
0.665667
0.677667
0.692067
0.708867
0.728067
0.749667
0.773667
0.800067
0.828867
0.860067
0.893667
0.929667
0.968067
1
1
1
1
1
1
1
1
1
1
1
1
1
1
1
1
1
1
1
1
1
1
1
1
1
1
1
1
1
1
1
1
1
1
1
1
1
1
1
1
1
1
1
1
1
1
1
1
1
1
1
1
1
1
1
1
1
1
1
1
1
1
1
1
0.984867
0.941667
0.900867
0.862467
0.826467
0.792867
0.761667
0.732867
0.706467
0.682467
0.660867
0.641667
0.624867
0.610467
0.598467
0.588867
0.581667
0.576867
0.574467
0.574467
0.576867
0.581667
0.588867
0.598467
0.610467
0.624867
0.641667
0.660867
0.682467
0.706467
0.732867
0.761667
0.792867
0.826467
0.862467
0.900867
0.941667
0.984867
1
1
1
1
1
1
1
1
1
1
1
1
1
1
1
1
1
1
1
1
1
1
1
1
1
1
1
1
1
1
1
1
1
1
1
1
1
1
1
1
1
1
1
1
1
1
1
1
1
1
1
1
1
1
1
1
1
1
1
1
1
0.965667
0.920067
0.876867
0.836067
0.797667
0.761667
0.728067
0.696867
0.668067
0.641667
0.617667
0.596067
0.576867
0.560067
0.545667
0.533667
0.524067
0.516867
0.512067
0.509667
0.509667
0.512067
0.516867
0.524067
0.533667
0.545667
0.560067
0.576867
0.596067
0.617667
0.641667
0.668067
0.696867
0.728067
0.761667
0.797667
0.836067
0.876867
0.920067
0.965667
1
1
1
1
1
1
1
1
1
1
1
1
1
1
1
1
1
1
1
1
1
1
1
1
1
1
1
1
1
1
1
1
1
1
1
1
1
1
1
1
1
1
1
1
1
1
1
1
1
1
1
1
1
1
1
1
1
1
1
0.951267
0.903267
0.857667
0.814467
0.773667
0.735267
0.699267
0.665667
0.634467
0.605667
0.579267
0.555267
0.533667
0.514467
0.497667
0.483267
0.471267
0.461667
0.454467
0.449667
0.447267
0.447267
0.449667
0.454467
0.461667
0.471267
0.483267
0.497667
0.514467
0.533667
0.555267
0.579267
0.605667
0.634467
0.665667
0.699267
0.735267
0.773667
0.814467
0.857667
0.903267
0.951267
1
1
1
1
1
1
1
1
1
1
1
1
1
1
1
1
1
1
1
1
1
1
1
1
1
1
1
1
1
1
1
1
1
1
1
1
1
1
1
1
1
1
1
1
1
1
1
1
1
1
1
1
1
1
1
1
0.994467
0.941667
0.891267
0.843267
0.797667
0.754467
0.713667
0.675267
0.639267
0.605667
0.574467
0.545667
0.519267
0.495267
0.473667
0.454467
0.437667
0.423267
0.411267
0.401667
0.394467
0.389667
0.387267
0.387267
0.389667
0.394467
0.401667
0.411267
0.423267
0.437667
0.454467
0.473667
0.495267
0.519267
0.545667
0.574467
0.605667
0.639267
0.675267
0.713667
0.754467
0.797667
0.843267
0.891267
0.941667
0.994467
1
1
1
1
1
1
1
1
1
1
1
1
1
1
1
1
1
1
1
1
1
1
1
1
1
1
1
1
1
1
1
1
1
1
1
1
1
1
1
1
1
1
1
1
1
1
1
1
1
1
1
1
1
0.992067
0.936867
0.884067
0.833667
0.785667
0.740067
0.696867
0.656067
0.617667
0.581667
0.548067
0.516867
0.488067
0.461667
0.437667
0.416067
0.396867
0.380067
0.365667
0.353667
0.344067
0.336867
0.332067
0.329667
0.329667
0.332067
0.336867
0.344067
0.353667
0.365667
0.380067
0.396867
0.416067
0.437667
0.461667
0.488067
0.516867
0.548067
0.581667
0.617667
0.656067
0.696867
0.740067
0.785667
0.833667
0.884067
0.936867
0.992067
1
1
1
1
1
1
1
1
1
1
1
1
1
1
1
1
1
1
1
1
1
1
1
1
1
1
1
1
1
1
1
1
1
1
1
1
1
1
1
1
1
1
1
1
1
1
1
1
1
1
1
0.994467
0.936867
0.881667
0.828867
0.778467
0.730467
0.684867
0.641667
0.600867
0.562467
0.526467
0.492867
0.461667
0.432867
0.406467
0.382467
0.360867
0.341667
0.324867
0.310467
0.298467
0.288867
0.281667
0.276867
0.274467
0.274467
0.276867
0.281667
0.288867
0.298467
0.310467
0.324867
0.341667
0.360867
0.382467
0.406467
0.432867
0.461667
0.492867
0.526467
0.562467
0.600867
0.641667
0.684867
0.730467
0.778467
0.828867
0.881667
0.936867
0.994467
1
1
1
1
1
1
1
1
1
1
1
1
1
1
1
1
1
1
1
1
1
1
1
1
1
1
1
1
1
1
1
1
1
1
1
1
1
1
1
1
1
1
1
1
1
1
1
1
1
1
0.941667
0.884067
0.828867
0.776067
0.725667
0.677667
0.632067
0.588867
0.548067
0.509667
0.473667
0.440067
0.408867
0.380067
0.353667
0.329667
0.308067
0.288867
0.272067
0.257667
0.245667
0.236067
0.228867
0.224067
0.221667
0.221667
0.224067
0.228867
0.236067
0.245667
0.257667
0.272067
0.288867
0.308067
0.329667
0.353667
0.380067
0.408867
0.440067
0.473667
0.509667
0.548067
0.588867
0.632067
0.677667
0.725667
0.776067
0.828867
0.884067
0.941667
1
1
1
1
1
1
1
1
1
1
1
1
1
1
1
1
1
1
1
1
1
1
1
1
1
1
1
1
1
1
1
1
1
1
1
1
1
1
1
1
1
1
1
1
1
1
1
1
1
0.951267
0.891267
0.833667
0.778467
0.725667
0.675267
0.627267
0.581667
0.538467
0.497667
0.459267
0.423267
0.389667
0.358467
0.329667
0.303267
0.279267
0.257667
0.238467
0.221667
0.207267
0.195267
0.185667
0.178467
0.173667
0.171267
0.171267
0.173667
0.178467
0.185667
0.195267
0.207267
0.221667
0.238467
0.257667
0.279267
0.303267
0.329667
0.358467
0.389667
0.423267
0.459267
0.497667
0.538467
0.581667
0.627267
0.675267
0.725667
0.778467
0.833667
0.891267
0.951267
1
1
1
1
1
1
1
1
1
1
1
1
1
1
1
1
1
1
1
1
1
1
1
1
1
1
1
1
1
1
1
1
1
1
1
1
1
1
1
1
1
1
1
1
1
1
1
0.965667
0.903267
0.843267
0.785667
0.730467
0.677667
0.627267
0.579267
0.533667
0.490467
0.449667
0.411267
0.375267
0.341667
0.310467
0.281667
0.255267
0.231267
0.209667
0.190467
0.173667
0.159267
0.147267
0.137667
0.130467
0.125667
0.123267
0.123267
0.125667
0.130467
0.137667
0.147267
0.159267
0.173667
0.190467
0.209667
0.231267
0.255267
0.281667
0.310467
0.341667
0.375267
0.411267
0.449667
0.490467
0.533667
0.579267
0.627267
0.677667
0.730467
0.785667
0.843267
0.903267
0.965667
1
1
1
1
1
1
1
1
1
1
1
1
1
1
1
1
1
1
1
1
1
1
1
1
1
1
1
1
1
1
1
1
1
1
1
1
1
1
1
1
1
1
1
1
1
0.984867
0.920067
0.857667
0.797667
0.740067
0.684867
0.632067
0.581667
0.533667
0.488067
0.444867
0.404067
0.365667
0.329667
0.296067
0.264867
0.236067
0.209667
0.185667
0.164067
0.144867
0.128067
0.113667
0.101667
0.0920667
0.0848667
0.0800667
0.0776667
0.0776667
0.0800667
0.0848667
0.0920667
0.101667
0.113667
0.128067
0.144867
0.164067
0.185667
0.209667
0.236067
0.264867
0.296067
0.329667
0.365667
0.404067
0.444867
0.488067
0.533667
0.581667
0.632067
0.684867
0.740067
0.797667
0.857667
0.920067
0.984867
1
1
1
1
1
1
1
1
1
1
1
1
1
1
1
1
1
1
1
1
1
1
1
1
1
1
1
1
1
1
1
1
1
1
1
1
1
1
1
1
1
1
1
1
0.941667
0.876867
0.814467
0.754467
0.696867
0.641667
0.588867
0.538467
0.490467
0.444867
0.401667
0.360867
0.322467
0.286467
0.252867
0.221667
0.192867
0.166467
0.142467
0.120867
0.101667
0.0848667
0.0704667
0.0584667
0.0488667
0.0416667
0.0368667
0.0344667
0.0344667
0.0368667
0.0416667
0.0488667
0.0584667
0.0704667
0.0848667
0.101667
0.120867
0.142467
0.166467
0.192867
0.221667
0.252867
0.286467
0.322467
0.360867
0.401667
0.444867
0.490467
0.538467
0.588867
0.641667
0.696867
0.754467
0.814467
0.876867
0.941667
1
1
1
1
1
1
1
1
1
1
1
1
1
1
1
1
1
1
1
1
1
1
1
1
1
1
1
1
1
1
1
1
1
1
1
1
1
1
1
1
1
1
1
0.968067
0.900867
0.836067
0.773667
0.713667
0.656067
0.600867
0.548067
0.497667
0.449667
0.404067
0.360867
0.320067
0.281667
0.245667
0.212067
0.180867
0.152067
0.125667
0.101667
0.0800667
0.0608667
0.0440667
0.0296667
0.0176667
0.00806667
0.000866667
0
0
0
0
0.000866667
0.00806667
0.0176667
0.0296667
0.0440667
0.0608667
0.0800667
0.101667
0.125667
0.152067
0.180867
0.212067
0.245667
0.281667
0.320067
0.360867
0.404067
0.449667
0.497667
0.548067
0.600867
0.656067
0.713667
0.773667
0.836067
0.900867
0.968067
1
1
1
1
1
1
1
1
1
1
1
1
1
1
1
1
1
1
1
1
1
1
1
1
1
1
1
1
1
1
1
1
1
1
1
1
1
1
1
1
1
0.999267
0.929667
0.862467
0.797667
0.735267
0.675267
0.617667
0.562467
0.509667
0.459267
0.411267
0.365667
0.322467
0.281667
0.243267
0.207267
0.173667
0.142467
0.113667
0.0872667
0.0632667
0.0416667
0.0224667
0.00566667
0
0
0
0
0
0
0
0
0
0
0
0
0.00566667
0.0224667
0.0416667
0.0632667
0.0872667
0.113667
0.142467
0.173667
0.207267
0.243267
0.281667
0.322467
0.365667
0.411267
0.459267
0.509667
0.562467
0.617667
0.675267
0.735267
0.797667
0.862467
0.929667
0.999267
1
1
1
1
1
1
1
1
1
1
1
1
1
1
1
1
1
1
1
1
1
1
1
1
1
1
1
1
1
1
1
1
1
1
1
1
1
1
1
1
0.963267
0.893667
0.826467
0.761667
0.699267
0.639267
0.581667
0.526467
0.473667
0.423267
0.375267
0.329667
0.286467
0.245667
0.207267
0.171267
0.137667
0.106467
0.0776667
0.0512667
0.0272667
0.00566667
0
0
0
0
0
0
0
0
0
0
0
0
0
0
0
0
0.00566667
0.0272667
0.0512667
0.0776667
0.106467
0.137667
0.171267
0.207267
0.245667
0.286467
0.329667
0.375267
0.423267
0.473667
0.526467
0.581667
0.639267
0.699267
0.761667
0.826467
0.893667
0.963267
1
1
1
1
1
1
1
1
1
1
1
1
1
1
1
1
1
1
1
1
1
1
1
1
1
1
1
1
1
1
1
1
1
1
1
1
1
1
1
1
0.929667
0.860067
0.792867
0.728067
0.665667
0.605667
0.548067
0.492867
0.440067
0.389667
0.341667
0.296067
0.252867
0.212067
0.173667
0.137667
0.104067
0.0728667
0.0440667
0.0176667
0
0
0
0
0
0
0
0
0
0
0
0
0
0
0
0
0
0
0
0
0.0176667
0.0440667
0.0728667
0.104067
0.137667
0.173667
0.212067
0.252867
0.296067
0.341667
0.389667
0.440067
0.492867
0.548067
0.605667
0.665667
0.728067
0.792867
0.860067
0.929667
1
1
1
1
1
1
1
1
1
1
1
1
1
1
1
1
1
1
1
1
1
1
1
1
1
1
1
1
1
1
1
1
1
1
1
1
1
1
1
0.970467
0.898467
0.828867
0.761667
0.696867
0.634467
0.574467
0.516867
0.461667
0.408867
0.358467
0.310467
0.264867
0.221667
0.180867
0.142467
0.106467
0.0728667
0.0416667
0.0128667
0
0
0
0
0
0
0
0
0
0
0
0
0
0
0
0
0
0
0
0
0
0
0.0128667
0.0416667
0.0728667
0.106467
0.142467
0.180867
0.221667
0.264867
0.310467
0.358467
0.408867
0.461667
0.516867
0.574467
0.634467
0.696867
0.761667
0.828867
0.898467
0.970467
1
1
1
1
1
1
1
1
1
1
1
1
1
1
1
1
1
1
1
1
1
1
1
1
1
1
1
1
1
1
1
1
1
1
1
1
1
1
0.941667
0.869667
0.800067
0.732867
0.668067
0.605667
0.545667
0.488067
0.432867
0.380067
0.329667
0.281667
0.236067
0.192867
0.152067
0.113667
0.0776667
0.0440667
0.0128667
0
0
0
0
0
0
0
0
0
0
0
0
0
0
0
0
0
0
0
0
0
0
0
0
0.0128667
0.0440667
0.0776667
0.113667
0.152067
0.192867
0.236067
0.281667
0.329667
0.380067
0.432867
0.488067
0.545667
0.605667
0.668067
0.732867
0.800067
0.869667
0.941667
1
1
1
1
1
1
1
1
1
1
1
1
1
1
1
1
1
1
1
1
1
1
1
1
1
1
1
1
1
1
1
1
1
1
1
1
1
0.989667
0.915267
0.843267
0.773667
0.706467
0.641667
0.579267
0.519267
0.461667
0.406467
0.353667
0.303267
0.255267
0.209667
0.166467
0.125667
0.0872667
0.0512667
0.0176667
0
0
0
0
0
0
0
0
0
0
0
0
0
0
0
0
0
0
0
0
0
0
0
0
0
0
0.0176667
0.0512667
0.0872667
0.125667
0.166467
0.209667
0.255267
0.303267
0.353667
0.406467
0.461667
0.519267
0.579267
0.641667
0.706467
0.773667
0.843267
0.915267
0.989667
1
1
1
1
1
1
1
1
1
1
1
1
1
1
1
1
1
1
1
1
1
1
1
1
1
1
1
1
1
1
1
1
1
1
1
1
0.965667
0.891267
0.819267
0.749667
0.682467
0.617667
0.555267
0.495267
0.437667
0.382467
0.329667
0.279267
0.231267
0.185667
0.142467
0.101667
0.0632667
0.0272667
0
0
0
0
0
0
0
0
0
0
0
0
0
0
0
0
0
0
0
0
0
0
0
0
0
0
0
0
0.0272667
0.0632667
0.101667
0.142467
0.185667
0.231267
0.279267
0.329667
0.382467
0.437667
0.495267
0.555267
0.617667
0.682467
0.749667
0.819267
0.891267
0.965667
1
1
1
1
1
1
1
1
1
1
1
1
1
1
1
1
1
1
1
1
1
1
1
1
1
1
1
1
1
1
1
1
1
1
1
1
0.944067
0.869667
0.797667
0.728067
0.660867
0.596067
0.533667
0.473667
0.416067
0.360867
0.308067
0.257667
0.209667
0.164067
0.120867
0.0800667
0.0416667
0.00566667
0
0
0
0
0
0
0
0
0
0
0
0
0
0
0
0
0
0
0
0
0
0
0
0
0
0
0
0
0.00566667
0.0416667
0.0800667
0.120867
0.164067
0.209667
0.257667
0.308067
0.360867
0.416067
0.473667
0.533667
0.596067
0.660867
0.728067
0.797667
0.869667
0.944067
1
1
1
1
1
1
1
1
1
1
1
1
1
1
1
1
1
1
1
1
1
1
1
1
1
1
1
1
1
1
1
1
1
1
1
1
0.924867
0.850467
0.778467
0.708867
0.641667
0.576867
0.514467
0.454467
0.396867
0.341667
0.288867
0.238467
0.190467
0.144867
0.101667
0.0608667
0.0224667
0
0
0
0
0
0
0
0
0
0
0
0
0
0
0
0
0
0
0
0
0
0
0
0
0
0
0
0
0
0
0.0224667
0.0608667
0.101667
0.144867
0.190467
0.238467
0.288867
0.341667
0.396867
0.454467
0.514467
0.576867
0.641667
0.708867
0.778467
0.850467
0.924867
1
1
1
1
1
1
1
1
1
1
1
1
1
1
1
1
1
1
1
1
1
1
1
1
1
1
1
1
1
1
1
1
1
1
1
0.984867
0.908067
0.833667
0.761667
0.692067
0.624867
0.560067
0.497667
0.437667
0.380067
0.324867
0.272067
0.221667
0.173667
0.128067
0.0848667
0.0440667
0.00566667
0
0
0
0
0
0
0
0
0
0
0
0
0
0
0
0
0
0
0
0
0
0
0
0
0
0
0
0
0
0
0.00566667
0.0440667
0.0848667
0.128067
0.173667
0.221667
0.272067
0.324867
0.380067
0.437667
0.497667
0.560067
0.624867
0.692067
0.761667
0.833667
0.908067
0.984867
1
1
1
1
1
1
1
1
1
1
1
1
1
1
1
1
1
1
1
1
1
1
1
1
1
1
1
1
1
1
1
1
1
1
0.970467
0.893667
0.819267
0.747267
0.677667
0.610467
0.545667
0.483267
0.423267
0.365667
0.310467
0.257667
0.207267
0.159267
0.113667
0.0704667
0.0296667
0
0
0
0
0
0
0
0
0
0
0
0
0
0
0
0
0
0
0
0
0
0
0
0
0
0
0
0
0
0
0
0
0.0296667
0.0704667
0.113667
0.159267
0.207267
0.257667
0.310467
0.365667
0.423267
0.483267
0.545667
0.610467
0.677667
0.747267
0.819267
0.893667
0.970467
1
1
1
1
1
1
1
1
1
1
1
1
1
1
1
1
1
1
1
1
1
1
1
1
1
1
1
1
1
1
1
1
1
1
0.958467
0.881667
0.807267
0.735267
0.665667
0.598467
0.533667
0.471267
0.411267
0.353667
0.298467
0.245667
0.195267
0.147267
0.101667
0.0584667
0.0176667
0
0
0
0
0
0
0
0
0
0
0
0
0
0
0
0
0
0
0
0
0
0
0
0
0
0
0
0
0
0
0
0
0.0176667
0.0584667
0.101667
0.147267
0.195267
0.245667
0.298467
0.353667
0.411267
0.471267
0.533667
0.598467
0.665667
0.735267
0.807267
0.881667
0.958467
1
1
1
1
1
1
1
1
1
1
1
1
1
1
1
1
1
1
1
1
1
1
1
1
1
1
1
1
1
1
1
1
1
1
0.948867
0.872067
0.797667
0.725667
0.656067
0.588867
0.524067
0.461667
0.401667
0.344067
0.288867
0.236067
0.185667
0.137667
0.0920667
0.0488667
0.00806667
0
0
0
0
0
0
0
0
0
0
0
0
0
0
0
0
0
0
0
0
0
0
0
0
0
0
0
0
0
0
0
0
0.00806667
0.0488667
0.0920667
0.137667
0.185667
0.236067
0.288867
0.344067
0.401667
0.461667
0.524067
0.588867
0.656067
0.725667
0.797667
0.872067
0.948867
1
1
1
1
1
1
1
1
1
1
1
1
1
1
1
1
1
1
1
1
1
1
1
1
1
1
1
1
1
1
1
1
1
1
0.941667
0.864867
0.790467
0.718467
0.648867
0.581667
0.516867
0.454467
0.394467
0.336867
0.281667
0.228867
0.178467
0.130467
0.0848667
0.0416667
0.000866667
0
0
0
0
0
0
0
0
0
0
0
0
0
0
0
0
0
0
0
0
0
0
0
0
0
0
0
0
0
0
0
0
0.000866667
0.0416667
0.0848667
0.130467
0.178467
0.228867
0.281667
0.336867
0.394467
0.454467
0.516867
0.581667
0.648867
0.718467
0.790467
0.864867
0.941667
1
1
1
1
1
1
1
1
1
1
1
1
1
1
1
1
1
1
1
1
1
1
1
1
1
1
1
1
1
1
1
1
1
1
0.936867
0.860067
0.785667
0.713667
0.644067
0.576867
0.512067
0.449667
0.389667
0.332067
0.276867
0.224067
0.173667
0.125667
0.0800667
0.0368667
0
0
0
0
0
0
0
0
0
0
0
0
0
0
0
0
0
0
0
0
0
0
0
0
0
0
0
0
0
0
0
0
0
0
0.0368667
0.0800667
0.125667
0.173667
0.224067
0.276867
0.332067
0.389667
0.449667
0.512067
0.576867
0.644067
0.713667
0.785667
0.860067
0.936867
1
1
1
1
1
1
1
1
1
1
1
1
1
1
1
1
1
1
1
1
1
1
1
1
1
1
1
1
1
1
1
1
1
1
0.934467
0.857667
0.783267
0.711267
0.641667
0.574467
0.509667
0.447267
0.387267
0.329667
0.274467
0.221667
0.171267
0.123267
0.0776667
0.0344667
0
0
0
0
0
0
0
0
0
0
0
0
0
0
0
0
0
0
0
0
0
0
0
0
0
0
0
0
0
0
0
0
0
0
0.0344667
0.0776667
0.123267
0.171267
0.221667
0.274467
0.329667
0.387267
0.447267
0.509667
0.574467
0.641667
0.711267
0.783267
0.857667
0.934467
1
1
1
1
1
1
1
1
1
1
1
1
1
1
1
1
1
1
1
1
1
1
1
1
1
1
1
1
1
1
1
1
1
1
0.934467
0.857667
0.783267
0.711267
0.641667
0.574467
0.509667
0.447267
0.387267
0.329667
0.274467
0.221667
0.171267
0.123267
0.0776667
0.0344667
0
0
0
0
0
0
0
0
0
0
0
0
0
0
0
0
0
0
0
0
0
0
0
0
0
0
0
0
0
0
0
0
0
0
0.0344667
0.0776667
0.123267
0.171267
0.221667
0.274467
0.329667
0.387267
0.447267
0.509667
0.574467
0.641667
0.711267
0.783267
0.857667
0.934467
1
1
1
1
1
1
1
1
1
1
1
1
1
1
1
1
1
1
1
1
1
1
1
1
1
1
1
1
1
1
1
1
1
1
0.936867
0.860067
0.785667
0.713667
0.644067
0.576867
0.512067
0.449667
0.389667
0.332067
0.276867
0.224067
0.173667
0.125667
0.0800667
0.0368667
0
0
0
0
0
0
0
0
0
0
0
0
0
0
0
0
0
0
0
0
0
0
0
0
0
0
0
0
0
0
0
0
0
0
0.0368667
0.0800667
0.125667
0.173667
0.224067
0.276867
0.332067
0.389667
0.449667
0.512067
0.576867
0.644067
0.713667
0.785667
0.860067
0.936867
1
1
1
1
1
1
1
1
1
1
1
1
1
1
1
1
1
1
1
1
1
1
1
1
1
1
1
1
1
1
1
1
1
1
0.941667
0.864867
0.790467
0.718467
0.648867
0.581667
0.516867
0.454467
0.394467
0.336867
0.281667
0.228867
0.178467
0.130467
0.0848667
0.0416667
0.000866667
0
0
0
0
0
0
0
0
0
0
0
0
0
0
0
0
0
0
0
0
0
0
0
0
0
0
0
0
0
0
0
0
0.000866667
0.0416667
0.0848667
0.130467
0.178467
0.228867
0.281667
0.336867
0.394467
0.454467
0.516867
0.581667
0.648867
0.718467
0.790467
0.864867
0.941667
1
1
1
1
1
1
1
1
1
1
1
1
1
1
1
1
1
1
1
1
1
1
1
1
1
1
1
1
1
1
1
1
1
1
0.948867
0.872067
0.797667
0.725667
0.656067
0.588867
0.524067
0.461667
0.401667
0.344067
0.288867
0.236067
0.185667
0.137667
0.0920667
0.0488667
0.00806667
0
0
0
0
0
0
0
0
0
0
0
0
0
0
0
0
0
0
0
0
0
0
0
0
0
0
0
0
0
0
0
0
0.00806667
0.0488667
0.0920667
0.137667
0.185667
0.236067
0.288867
0.344067
0.401667
0.461667
0.524067
0.588867
0.656067
0.725667
0.797667
0.872067
0.948867
1
1
1
1
1
1
1
1
1
1
1
1
1
1
1
1
1
1
1
1
1
1
1
1
1
1
1
1
1
1
1
1
1
1
0.958467
0.881667
0.807267
0.735267
0.665667
0.598467
0.533667
0.471267
0.411267
0.353667
0.298467
0.245667
0.195267
0.147267
0.101667
0.0584667
0.0176667
0
0
0
0
0
0
0
0
0
0
0
0
0
0
0
0
0
0
0
0
0
0
0
0
0
0
0
0
0
0
0
0
0.0176667
0.0584667
0.101667
0.147267
0.195267
0.245667
0.298467
0.353667
0.411267
0.471267
0.533667
0.598467
0.665667
0.735267
0.807267
0.881667
0.958467
1
1
1
1
1
1
1
1
1
1
1
1
1
1
1
1
1
1
1
1
1
1
1
1
1
1
1
1
1
1
1
1
1
1
0.970467
0.893667
0.819267
0.747267
0.677667
0.610467
0.545667
0.483267
0.423267
0.365667
0.310467
0.257667
0.207267
0.159267
0.113667
0.0704667
0.0296667
0
0
0
0
0
0
0
0
0
0
0
0
0
0
0
0
0
0
0
0
0
0
0
0
0
0
0
0
0
0
0
0
0.0296667
0.0704667
0.113667
0.159267
0.207267
0.257667
0.310467
0.365667
0.423267
0.483267
0.545667
0.610467
0.677667
0.747267
0.819267
0.893667
0.970467
1
1
1
1
1
1
1
1
1
1
1
1
1
1
1
1
1
1
1
1
1
1
1
1
1
1
1
1
1
1
1
1
1
1
0.984867
0.908067
0.833667
0.761667
0.692067
0.624867
0.560067
0.497667
0.437667
0.380067
0.324867
0.272067
0.221667
0.173667
0.128067
0.0848667
0.0440667
0.00566667
0
0
0
0
0
0
0
0
0
0
0
0
0
0
0
0
0
0
0
0
0
0
0
0
0
0
0
0
0
0
0.00566667
0.0440667
0.0848667
0.128067
0.173667
0.221667
0.272067
0.324867
0.380067
0.437667
0.497667
0.560067
0.624867
0.692067
0.761667
0.833667
0.908067
0.984867
1
1
1
1
1
1
1
1
1
1
1
1
1
1
1
1
1
1
1
1
1
1
1
1
1
1
1
1
1
1
1
1
1
1
1
0.924867
0.850467
0.778467
0.708867
0.641667
0.576867
0.514467
0.454467
0.396867
0.341667
0.288867
0.238467
0.190467
0.144867
0.101667
0.0608667
0.0224667
0
0
0
0
0
0
0
0
0
0
0
0
0
0
0
0
0
0
0
0
0
0
0
0
0
0
0
0
0
0
0.0224667
0.0608667
0.101667
0.144867
0.190467
0.238467
0.288867
0.341667
0.396867
0.454467
0.514467
0.576867
0.641667
0.708867
0.778467
0.850467
0.924867
1
1
1
1
1
1
1
1
1
1
1
1
1
1
1
1
1
1
1
1
1
1
1
1
1
1
1
1
1
1
1
1
1
1
1
1
0.944067
0.869667
0.797667
0.728067
0.660867
0.596067
0.533667
0.473667
0.416067
0.360867
0.308067
0.257667
0.209667
0.164067
0.120867
0.0800667
0.0416667
0.00566667
0
0
0
0
0
0
0
0
0
0
0
0
0
0
0
0
0
0
0
0
0
0
0
0
0
0
0
0
0.00566667
0.0416667
0.0800667
0.120867
0.164067
0.209667
0.257667
0.308067
0.360867
0.416067
0.473667
0.533667
0.596067
0.660867
0.728067
0.797667
0.869667
0.944067
1
1
1
1
1
1
1
1
1
1
1
1
1
1
1
1
1
1
1
1
1
1
1
1
1
1
1
1
1
1
1
1
1
1
1
1
0.965667
0.891267
0.819267
0.749667
0.682467
0.617667
0.555267
0.495267
0.437667
0.382467
0.329667
0.279267
0.231267
0.185667
0.142467
0.101667
0.0632667
0.0272667
0
0
0
0
0
0
0
0
0
0
0
0
0
0
0
0
0
0
0
0
0
0
0
0
0
0
0
0
0.0272667
0.0632667
0.101667
0.142467
0.185667
0.231267
0.279267
0.329667
0.382467
0.437667
0.495267
0.555267
0.617667
0.682467
0.749667
0.819267
0.891267
0.965667
1
1
1
1
1
1
1
1
1
1
1
1
1
1
1
1
1
1
1
1
1
1
1
1
1
1
1
1
1
1
1
1
1
1
1
1
0.989667
0.915267
0.843267
0.773667
0.706467
0.641667
0.579267
0.519267
0.461667
0.406467
0.353667
0.303267
0.255267
0.209667
0.166467
0.125667
0.0872667
0.0512667
0.0176667
0
0
0
0
0
0
0
0
0
0
0
0
0
0
0
0
0
0
0
0
0
0
0
0
0
0
0.0176667
0.0512667
0.0872667
0.125667
0.166467
0.209667
0.255267
0.303267
0.353667
0.406467
0.461667
0.519267
0.579267
0.641667
0.706467
0.773667
0.843267
0.915267
0.989667
1
1
1
1
1
1
1
1
1
1
1
1
1
1
1
1
1
1
1
1
1
1
1
1
1
1
1
1
1
1
1
1
1
1
1
1
1
0.941667
0.869667
0.800067
0.732867
0.668067
0.605667
0.545667
0.488067
0.432867
0.380067
0.329667
0.281667
0.236067
0.192867
0.152067
0.113667
0.0776667
0.0440667
0.0128667
0
0
0
0
0
0
0
0
0
0
0
0
0
0
0
0
0
0
0
0
0
0
0
0
0.0128667
0.0440667
0.0776667
0.113667
0.152067
0.192867
0.236067
0.281667
0.329667
0.380067
0.432867
0.488067
0.545667
0.605667
0.668067
0.732867
0.800067
0.869667
0.941667
1
1
1
1
1
1
1
1
1
1
1
1
1
1
1
1
1
1
1
1
1
1
1
1
1
1
1
1
1
1
1
1
1
1
1
1
1
1
0.970467
0.898467
0.828867
0.761667
0.696867
0.634467
0.574467
0.516867
0.461667
0.408867
0.358467
0.310467
0.264867
0.221667
0.180867
0.142467
0.106467
0.0728667
0.0416667
0.0128667
0
0
0
0
0
0
0
0
0
0
0
0
0
0
0
0
0
0
0
0
0
0
0.0128667
0.0416667
0.0728667
0.106467
0.142467
0.180867
0.221667
0.264867
0.310467
0.358467
0.408867
0.461667
0.516867
0.574467
0.634467
0.696867
0.761667
0.828867
0.898467
0.970467
1
1
1
1
1
1
1
1
1
1
1
1
1
1
1
1
1
1
1
1
1
1
1
1
1
1
1
1
1
1
1
1
1
1
1
1
1
1
1
0.929667
0.860067
0.792867
0.728067
0.665667
0.605667
0.548067
0.492867
0.440067
0.389667
0.341667
0.296067
0.252867
0.212067
0.173667
0.137667
0.104067
0.0728667
0.0440667
0.0176667
0
0
0
0
0
0
0
0
0
0
0
0
0
0
0
0
0
0
0
0
0.0176667
0.0440667
0.0728667
0.104067
0.137667
0.173667
0.212067
0.252867
0.296067
0.341667
0.389667
0.440067
0.492867
0.548067
0.605667
0.665667
0.728067
0.792867
0.860067
0.929667
1
1
1
1
1
1
1
1
1
1
1
1
1
1
1
1
1
1
1
1
1
1
1
1
1
1
1
1
1
1
1
1
1
1
1
1
1
1
1
1
0.963267
0.893667
0.826467
0.761667
0.699267
0.639267
0.581667
0.526467
0.473667
0.423267
0.375267
0.329667
0.286467
0.245667
0.207267
0.171267
0.137667
0.106467
0.0776667
0.0512667
0.0272667
0.00566667
0
0
0
0
0
0
0
0
0
0
0
0
0
0
0
0
0.00566667
0.0272667
0.0512667
0.0776667
0.106467
0.137667
0.171267
0.207267
0.245667
0.286467
0.329667
0.375267
0.423267
0.473667
0.526467
0.581667
0.639267
0.699267
0.761667
0.826467
0.893667
0.963267
1
1
1
1
1
1
1
1
1
1
1
1
1
1
1
1
1
1
1
1
1
1
1
1
1
1
1
1
1
1
1
1
1
1
1
1
1
1
1
1
0.999267
0.929667
0.862467
0.797667
0.735267
0.675267
0.617667
0.562467
0.509667
0.459267
0.411267
0.365667
0.322467
0.281667
0.243267
0.207267
0.173667
0.142467
0.113667
0.0872667
0.0632667
0.0416667
0.0224667
0.00566667
0
0
0
0
0
0
0
0
0
0
0
0
0.00566667
0.0224667
0.0416667
0.0632667
0.0872667
0.113667
0.142467
0.173667
0.207267
0.243267
0.281667
0.322467
0.365667
0.411267
0.459267
0.509667
0.562467
0.617667
0.675267
0.735267
0.797667
0.862467
0.929667
0.999267
1
1
1
1
1
1
1
1
1
1
1
1
1
1
1
1
1
1
1
1
1
1
1
1
1
1
1
1
1
1
1
1
1
1
1
1
1
1
1
1
1
0.968067
0.900867
0.836067
0.773667
0.713667
0.656067
0.600867
0.548067
0.497667
0.449667
0.404067
0.360867
0.320067
0.281667
0.245667
0.212067
0.180867
0.152067
0.125667
0.101667
0.0800667
0.0608667
0.0440667
0.0296667
0.0176667
0.00806667
0.000866667
0
0
0
0
0.000866667
0.00806667
0.0176667
0.0296667
0.0440667
0.0608667
0.0800667
0.101667
0.125667
0.152067
0.180867
0.212067
0.245667
0.281667
0.320067
0.360867
0.404067
0.449667
0.497667
0.548067
0.600867
0.656067
0.713667
0.773667
0.836067
0.900867
0.968067
1
1
1
1
1
1
1
1
1
1
1
1
1
1
1
1
1
1
1
1
1
1
1
1
1
1
1
1
1
1
1
1
1
1
1
1
1
1
1
1
1
1
1
0.941667
0.876867
0.814467
0.754467
0.696867
0.641667
0.588867
0.538467
0.490467
0.444867
0.401667
0.360867
0.322467
0.286467
0.252867
0.221667
0.192867
0.166467
0.142467
0.120867
0.101667
0.0848667
0.0704667
0.0584667
0.0488667
0.0416667
0.0368667
0.0344667
0.0344667
0.0368667
0.0416667
0.0488667
0.0584667
0.0704667
0.0848667
0.101667
0.120867
0.142467
0.166467
0.192867
0.221667
0.252867
0.286467
0.322467
0.360867
0.401667
0.444867
0.490467
0.538467
0.588867
0.641667
0.696867
0.754467
0.814467
0.876867
0.941667
1
1
1
1
1
1
1
1
1
1
1
1
1
1
1
1
1
1
1
1
1
1
1
1
1
1
1
1
1
1
1
1
1
1
1
1
1
1
1
1
1
1
1
1
0.984867
0.920067
0.857667
0.797667
0.740067
0.684867
0.632067
0.581667
0.533667
0.488067
0.444867
0.404067
0.365667
0.329667
0.296067
0.264867
0.236067
0.209667
0.185667
0.164067
0.144867
0.128067
0.113667
0.101667
0.0920667
0.0848667
0.0800667
0.0776667
0.0776667
0.0800667
0.0848667
0.0920667
0.101667
0.113667
0.128067
0.144867
0.164067
0.185667
0.209667
0.236067
0.264867
0.296067
0.329667
0.365667
0.404067
0.444867
0.488067
0.533667
0.581667
0.632067
0.684867
0.740067
0.797667
0.857667
0.920067
0.984867
1
1
1
1
1
1
1
1
1
1
1
1
1
1
1
1
1
1
1
1
1
1
1
1
1
1
1
1
1
1
1
1
1
1
1
1
1
1
1
1
1
1
1
1
1
0.965667
0.903267
0.843267
0.785667
0.730467
0.677667
0.627267
0.579267
0.533667
0.490467
0.449667
0.411267
0.375267
0.341667
0.310467
0.281667
0.255267
0.231267
0.209667
0.190467
0.173667
0.159267
0.147267
0.137667
0.130467
0.125667
0.123267
0.123267
0.125667
0.130467
0.137667
0.147267
0.159267
0.173667
0.190467
0.209667
0.231267
0.255267
0.281667
0.310467
0.341667
0.375267
0.411267
0.449667
0.490467
0.533667
0.579267
0.627267
0.677667
0.730467
0.785667
0.843267
0.903267
0.965667
1
1
1
1
1
1
1
1
1
1
1
1
1
1
1
1
1
1
1
1
1
1
1
1
1
1
1
1
1
1
1
1
1
1
1
1
1
1
1
1
1
1
1
1
1
1
1
0.951267
0.891267
0.833667
0.778467
0.725667
0.675267
0.627267
0.581667
0.538467
0.497667
0.459267
0.423267
0.389667
0.358467
0.329667
0.303267
0.279267
0.257667
0.238467
0.221667
0.207267
0.195267
0.185667
0.178467
0.173667
0.171267
0.171267
0.173667
0.178467
0.185667
0.195267
0.207267
0.221667
0.238467
0.257667
0.279267
0.303267
0.329667
0.358467
0.389667
0.423267
0.459267
0.497667
0.538467
0.581667
0.627267
0.675267
0.725667
0.778467
0.833667
0.891267
0.951267
1
1
1
1
1
1
1
1
1
1
1
1
1
1
1
1
1
1
1
1
1
1
1
1
1
1
1
1
1
1
1
1
1
1
1
1
1
1
1
1
1
1
1
1
1
1
1
1
1
0.941667
0.884067
0.828867
0.776067
0.725667
0.677667
0.632067
0.588867
0.548067
0.509667
0.473667
0.440067
0.408867
0.380067
0.353667
0.329667
0.308067
0.288867
0.272067
0.257667
0.245667
0.236067
0.228867
0.224067
0.221667
0.221667
0.224067
0.228867
0.236067
0.245667
0.257667
0.272067
0.288867
0.308067
0.329667
0.353667
0.380067
0.408867
0.440067
0.473667
0.509667
0.548067
0.588867
0.632067
0.677667
0.725667
0.776067
0.828867
0.884067
0.941667
1
1
1
1
1
1
1
1
1
1
1
1
1
1
1
1
1
1
1
1
1
1
1
1
1
1
1
1
1
1
1
1
1
1
1
1
1
1
1
1
1
1
1
1
1
1
1
1
1
1
0.994467
0.936867
0.881667
0.828867
0.778467
0.730467
0.684867
0.641667
0.600867
0.562467
0.526467
0.492867
0.461667
0.432867
0.406467
0.382467
0.360867
0.341667
0.324867
0.310467
0.298467
0.288867
0.281667
0.276867
0.274467
0.274467
0.276867
0.281667
0.288867
0.298467
0.310467
0.324867
0.341667
0.360867
0.382467
0.406467
0.432867
0.461667
0.492867
0.526467
0.562467
0.600867
0.641667
0.684867
0.730467
0.778467
0.828867
0.881667
0.936867
0.994467
1
1
1
1
1
1
1
1
1
1
1
1
1
1
1
1
1
1
1
1
1
1
1
1
1
1
1
1
1
1
1
1
1
1
1
1
1
1
1
1
1
1
1
1
1
1
1
1
1
1
1
0.992067
0.936867
0.884067
0.833667
0.785667
0.740067
0.696867
0.656067
0.617667
0.581667
0.548067
0.516867
0.488067
0.461667
0.437667
0.416067
0.396867
0.380067
0.365667
0.353667
0.344067
0.336867
0.332067
0.329667
0.329667
0.332067
0.336867
0.344067
0.353667
0.365667
0.380067
0.396867
0.416067
0.437667
0.461667
0.488067
0.516867
0.548067
0.581667
0.617667
0.656067
0.696867
0.740067
0.785667
0.833667
0.884067
0.936867
0.992067
1
1
1
1
1
1
1
1
1
1
1
1
1
1
1
1
1
1
1
1
1
1
1
1
1
1
1
1
1
1
1
1
1
1
1
1
1
1
1
1
1
1
1
1
1
1
1
1
1
1
1
1
1
0.994467
0.941667
0.891267
0.843267
0.797667
0.754467
0.713667
0.675267
0.639267
0.605667
0.574467
0.545667
0.519267
0.495267
0.473667
0.454467
0.437667
0.423267
0.411267
0.401667
0.394467
0.389667
0.387267
0.387267
0.389667
0.394467
0.401667
0.411267
0.423267
0.437667
0.454467
0.473667
0.495267
0.519267
0.545667
0.574467
0.605667
0.639267
0.675267
0.713667
0.754467
0.797667
0.843267
0.891267
0.941667
0.994467
1
1
1
1
1
1
1
1
1
1
1
1
1
1
1
1
1
1
1
1
1
1
1
1
1
1
1
1
1
1
1
1
1
1
1
1
1
1
1
1
1
1
1
1
1
1
1
1
1
1
1
1
1
1
1
1
0.951267
0.903267
0.857667
0.814467
0.773667
0.735267
0.699267
0.665667
0.634467
0.605667
0.579267
0.555267
0.533667
0.514467
0.497667
0.483267
0.471267
0.461667
0.454467
0.449667
0.447267
0.447267
0.449667
0.454467
0.461667
0.471267
0.483267
0.497667
0.514467
0.533667
0.555267
0.579267
0.605667
0.634467
0.665667
0.699267
0.735267
0.773667
0.814467
0.857667
0.903267
0.951267
1
1
1
1
1
1
1
1
1
1
1
1
1
1
1
1
1
1
1
1
1
1
1
1
1
1
1
1
1
1
1
1
1
1
1
1
1
1
1
1
1
1
1
1
1
1
1
1
1
1
1
1
1
1
1
1
1
1
1
0.965667
0.920067
0.876867
0.836067
0.797667
0.761667
0.728067
0.696867
0.668067
0.641667
0.617667
0.596067
0.576867
0.560067
0.545667
0.533667
0.524067
0.516867
0.512067
0.509667
0.509667
0.512067
0.516867
0.524067
0.533667
0.545667
0.560067
0.576867
0.596067
0.617667
0.641667
0.668067
0.696867
0.728067
0.761667
0.797667
0.836067
0.876867
0.920067
0.965667
1
1
1
1
1
1
1
1
1
1
1
1
1
1
1
1
1
1
1
1
1
1
1
1
1
1
1
1
1
1
1
1
1
1
1
1
1
1
1
1
1
1
1
1
1
1
1
1
1
1
1
1
1
1
1
1
1
1
1
1
1
0.984867
0.941667
0.900867
0.862467
0.826467
0.792867
0.761667
0.732867
0.706467
0.682467
0.660867
0.641667
0.624867
0.610467
0.598467
0.588867
0.581667
0.576867
0.574467
0.574467
0.576867
0.581667
0.588867
0.598467
0.610467
0.624867
0.641667
0.660867
0.682467
0.706467
0.732867
0.761667
0.792867
0.826467
0.862467
0.900867
0.941667
0.984867
1
1
1
1
1
1
1
1
1
1
1
1
1
1
1
1
1
1
1
1
1
1
1
1
1
1
1
1
1
1
1
1
1
1
1
1
1
1
1
1
1
1
1
1
1
1
1
1
1
1
1
1
1
1
1
1
1
1
1
1
1
1
1
1
0.968067
0.929667
0.893667
0.860067
0.828867
0.800067
0.773667
0.749667
0.728067
0.708867
0.692067
0.677667
0.665667
0.656067
0.648867
0.644067
0.641667
0.641667
0.644067
0.648867
0.656067
0.665667
0.677667
0.692067
0.708867
0.728067
0.749667
0.773667
0.800067
0.828867
0.860067
0.893667
0.929667
0.968067
1
1
1
1
1
1
1
1
1
1
1
1
1
1
1
1
1
1
1
1
1
1
1
1
1
1
1
1
1
1
1
1
1
1
1
1
1
1
1
1
1
1
1
1
1
1
1
1
1
1
1
1
1
1
1
1
1
1
1
1
1
1
1
1
1
1
1
0.999267
0.963267
0.929667
0.898467
0.869667
0.843267
0.819267
0.797667
0.778467
0.761667
0.747267
0.735267
0.725667
0.718467
0.713667
0.711267
0.711267
0.713667
0.718467
0.725667
0.735267
0.747267
0.761667
0.778467
0.797667
0.819267
0.843267
0.869667
0.898467
0.929667
0.963267
0.999267
1
1
1
1
1
1
1
1
1
1
1
1
1
1
1
1
1
1
1
1
1
1
1
1
1
1
1
1
1
1
1
1
1
1
1
1
1
1
1
1
1
1
1
1
1
1
1
1
1
1
1
1
1
1
1
1
1
1
1
1
1
1
1
1
1
1
1
1
1
1
1
0.970467
0.941667
0.915267
0.891267
0.869667
0.850467
0.833667
0.819267
0.807267
0.797667
0.790467
0.785667
0.783267
0.783267
0.785667
0.790467
0.797667
0.807267
0.819267
0.833667
0.850467
0.869667
0.891267
0.915267
0.941667
0.970467
1
1
1
1
1
1
1
1
1
1
1
1
1
1
1
1
1
1
1
1
1
1
1
1
1
1
1
1
1
1
1
1
1
1
1
1
1
1
1
1
1
1
1
1
1
1
1
1
1
1
1
1
1
1
1
1
1
1
1
1
1
1
1
1
1
1
1
1
1
1
1
1
1
1
1
1
0.989667
0.965667
0.944067
0.924867
0.908067
0.893667
0.881667
0.872067
0.864867
0.860067
0.857667
0.857667
0.860067
0.864867
0.872067
0.881667
0.893667
0.908067
0.924867
0.944067
0.965667
0.989667
1
1
1
1
1
1
1
1
1
1
1
1
1
1
1
1
1
1
1
1
1
1
1
1
1
1
1
1
1
1
1
1
1
1
1
1
1
1
1
1
1
1
1
1
1
1
1
1
1
1
1
1
1
1
1
1
1
1
1
1
1
1
1
1
1
1
1
1
1
1
1
1
1
1
1
1
1
1
1
1
1
1
0.984867
0.970467
0.958467
0.948867
0.941667
0.936867
0.934467
0.934467
0.936867
0.941667
0.948867
0.958467
0.970467
0.984867
1
1
1
1
1
1
1
1
1
1
1
1
1
1
1
1
1
1
1
1
1
1
1
1
1
1
1
1
1
1
1
1
1
1
1
1
1
1
1
1
1
1
1
1
1
1
1
1
1
1
1
1
1
1
1
1
1
1
1
1
1
1
1
1
1
1
1
1
1
1
1
1
1
1
1
1
1
1
1
1
1
1
1
1
1
1
1
1
1
1
1
1
1
1
1
1
1
1
1
1
1
1
1
1
1
1
1
1
1
1
1
1
1
1
1
1
1
1
1
1
1
1
1
1
1
1
1
1
1
1
1
1
1
1
1
1
1
1
1
1
1
1
1
1
1
1
1
1
1
1
1
1
1
1
1
1
1
1
1
1
1
1
1
1
1
1
1
1
1
1
1
1
1
1
1
1
1
1
1
1
1
1
1
1
1
1
1
1
1
1
1
1
1
1
1
1
1
1
1
1
1
1
1
1
1
1
1
1
1
1
1
1
1
1
1
1
1
1
1
1
1
1
1
1
1
1
1
1
1
1
1
1
1
1
1
1
1
1
1
1
1
1
1
1
1
1
1
1
1
1
1
1
1
1
1
1
1
1
1
1
1
1
1
1
1
1
1
1
1
1
1
1
1
1
1
1
1
1
1
1
1
1
1
1
1
1
1
1
1
1
1
1
1
1
1
1
1
1
1
1
1
1
1
1
1
1
1
1
1
1
1
1
1
1
1
1
1
1
1
1
1
1
1
1
1
1
1
1
1
1
1
1
1
1
1
1
1
1
1
1
1
1
1
1
1
1
1
1
1
1
1
1
1
1
1
1
1
1
1
1
1
1
1
1
1
1
1
1
1
1
1
1
1
1
1
1
1
1
1
1
1
1
1
1
1
1
1
1
1
1
1
1
1
1
1
1
1
1
1
1
1
1
1
1
1
1
1
1
1
1
1
1
1
1
1
1
1
1
1
1
1
1
1
1
1
1
1
1
1
1
1
1
1
1
1
1
1
1
1
1
1
1
1
1
1
1
1
1
1
1
1
1
1
1
1
1
1
1
1
1
1
1
1
1
1
1
1
1
1
1
1
1
1
1
1
1
1
1
1
1
1
1
1
1
1
1
1
1
1
1
1
1
1
1
1
1
1
1
1
1
1
1
1
1
1
1
1
1
1
1
1
1
1
1
1
1
1
1
1
1
1
1
1
1
1
1
1
1
1
1
1
1
1
1
1
1
1
1
1
1
1
1
1
1
1
1
1
1
1
1
1
1
1
1
1
1
1
1
1
1
1
1
1
1
1
1
1
1
1
1
1
1
1
1
1
1
1
1
1
1
1
1
1
1
1
1
1
1
1
1
1
1
1
1
1
1
1
1
1
1
1
1
1
1
1
1
1
1
1
1
1
1
1
1
1
1
1
1
1
1
1
1
1
1
1
1
1
1
1
1
1
1
1
1
1
1
1
1
1
1
1
1
1
1
1
1
1
1
1
1
1
1
1
1
1
1
1
1
1
1
1
1
1
1
1
1
1
1
1
1
1
1
1
1
1
1
1
1
1
1
1
1
1
1
1
1
1
1
1
1
1
1
1
1
1
1
1
1
1
1
1
1
1
1
1
1
1
1
1
1
1
1
1
1
1
1
1
1
1
1
1
1
1
1
1
1
1
1
1
1
1
1
1
1
1
1
1
1
1
1
1
1
1
1
1
1
1
1
1
1
1
1
1
1
1
1
1
1
1
1
1
1
1
1
1
1
1
1
1
1
1
1
1
1
1
1
1
1
1
1
1
1
1
1
1
1
1
1
1
1
1
1
1
1
1
1
1
1
1
1
1
1
1
1
1
1
1
1
1
1
1
1
1
1
1
1
1
1
1
1
1
1
1
1
1
1
1
1
1
1
1
1
1
1
1
1
1
1
1
1
1
1
1
1
1
1
1
1
1
1
1
1
1
1
1
1
1
1
1
1
1
1
1
1
1
1
1
1
1
1
1
1
1
1
1
1
1
1
1
1
1
1
1
1
1
1
1
1
1
1
1
1
1
1
1
1
1
1
1
1
1
1
1
1
1
1
1
1
1
1
1
1
1
1
1
1
1
1
1
1
1
1
1
1
1
1
1
1
1
1
1
1
1
1
1
1
1
1
1
1
1
1
1
1
1
1
1
1
1
1
1
1
1
1
1
1
1
1
1
1
1
1
1
1
1
1
1
1
1
1
1
1
1
1
1
1
1
1
1
1
1
1
1
1
1
1
1
1
1
1
1
1
1
1
1
1
1
1
1
1
1
1
1
1
1
1
1
1
1
1
1
1
1
1
1
1
1
1
1
1
1
1
1
1
1
1
1
1
1
1
1
1
1
1
1
1
1
1
1
1
1
1
1
1
1
1
1
1
1
1
1
1
1
1
1
1
1
1
1
1
1
1
1
1
1
1
1
1
1
1
1
1
1
1
1
1
1
1
1
1
1
1
1
1
1
1
1
1
1
1
1
1
1
1
1
1
1
1
1
1
1
1
1
1
1
1
1
1
1
1
1
1
1
1
1
1
1
1
1
1
1
1
1
1
1
1
1
1
1
1
1
1
1
1
1
1
1
1
1
1
1
1
1
1
1
1
1
1
1
1
1
1
1
1
1
1
1
1
1
1
1
1
1
1
1
1
1
1
1
1
1
1
1
1
1
1
1
1
1
1
1
1
1
1
1
1
1
1
1
1
1
1
1
1
1
1
1
1
1
1
1
1
1
1
1
1
1
1
1
1
1
1
1
1
1
1
1
1
1
1
1
1
1
1
1
1
1
1
1
1
1
1
1
1
1
1
1
1
1
1
1
1
1
1
1
1
1
1
1
1
1
1
1
1
1
1
1
1
1
1
1
1
1
1
1
1
1
1
1
1
1
1
1
1
1
1
1
1
1
1
1
1
1
1
1
1
1
1
1
1
1
1
1
1
1
1
1
1
1
1
1
1
1
1
1
1
1
1
1
1
1
1
1
1
1
1
1
1
1
1
1
1
1
1
1
1
1
1
1
1
1
1
1
1
1
1
1
1
1
1
1
1
1
1
1
1
1
1
1
1
1
1
1
1
1
1
1
1
1
1
1
1
1
1
1
1
1
1
1
1
1
1
1
1
1
1
1
1
1
1
1
1
1
1
1
1
1
1
1
1
1
1
1
1
1
1
1
1
1
1
1
1
1
1
1
1
1
1
1
1
1
1
1
1
1
1
1
1
1
1
1
1
1
1
1
1
1
1
1
1
1
1
1
1
1
1
1
1
1
1
1
1
1
1
1
1
1
1
1
1
1
1
1
1
1
1
1
1
1
1
1
1
1
1
1
1
1
1
1
1
1
1
1
1
1
1
1
1
1
1
1
1
1
1
1
1
1
1
1
1
1
1
1
1
1
1
1
1
1
1
1
1
1
1
1
1
1
1
1
1
1
1
1
1
1
1
1
1
1
1
1
1
1
1
1
1
1
1
1
1
1
1
1
1
1
1
1
1
1
1
1
1
1
1
1
1
1
1
1
1
1
1
1
1
1
1
1
1
1
1
1
1
1
1
1
1
1
1
1
1
1
1
1
1
1
1
1
1
1
1
1
1
1
1
1
1
1
1
1
1
1
1
1
1
1
1
1
1
1
1
1
1
1
1
1
1
1
1
1
1
1
1
1
1
1
1
1
1
1
1
1
1
1
1
1
1
1
1
1
1
1
1
1
1
1
1
1
1
1
1
1
1
1
1
1
1
1
1
1
1
1
1
1
1
1
1
1
1
1
1
1
1
1
1
1
1
1
1
1
1
1
1
1
1
1
1
1
1
1
1
1
1
1
1
1
1
1
1
1
1
1
1
1
1
1
1
1
1
1
1
1
1
1
1
1
1
1
1
1
1
1
1
1
1
1
1
1
1
1
1
1
1
1
1
1
1
1
1
1
1
1
1
1
1
1
1
1
1
1
1
1
1
1
)
;

boundaryField
{
    backAndFront
    {
        type            empty;
    }
    dirichletBoundary
    {
        type            calculated;
        value           uniform 0;
    }
}


// ************************************************************************* //
