/*--------------------------------*- C++ -*----------------------------------*\
| =========                 |                                                 |
| \\      /  F ield         | OpenFOAM: The Open Source CFD Toolbox           |
|  \\    /   O peration     | Version:  v1806                                 |
|   \\  /    A nd           | Web:      www.OpenFOAM.com                      |
|    \\/     M anipulation  |                                                 |
\*---------------------------------------------------------------------------*/
FoamFile
{
    version     2.0;
    format      ascii;
    class       volScalarField;
    location    "1";
    object      uDiff;
}
// * * * * * * * * * * * * * * * * * * * * * * * * * * * * * * * * * * * * * //

dimensions      [0 0 0 0 0 0 0];


internalField   nonuniform List<scalar> 
10000
(
0
0
0
0
0
0
0
0
0
0
0
0
0
0
0
0
0
0
0
0
0
0
0
0
0
0
0
0
0
0
0
0
0
0
0
0
0
0
0
0
0
0
0
0
0
0
0
0
0
0
0
0
0
0
0
0
0
0
0
0
0
0
0
0
0
0
0
0
0
0
0
0
0
0
0
0
0
0
0
0
0
0
0
0
0
0
0
0
0
0
0
0
0
0
0
0
0
0
0
0
0
0
0
0
0
0
0
0
0
0
0
0
0
0
0
0
0
0
0
0
0
0
0
0
0
0
0
0
0
0
0
0
0
0
0
0
0
0
0
0
0
0
0
0
0
0
0
0
0
0
0
0
0
0
0
0
0
0
0
0
0
0
0
0
0
0
0
0
0
0
0
0
0
0
0
0
0
0
0
0
0
0
0
0
0
0
0
0
0
0
0
0
0
0
0
0
0
0
0
0
0
0
0
0
0
0
0
0
0
0
0
0
0
0
0
0
0
0
0
0
0
0
0
0
0
0
0
0
0
0
0
0
0
0
0
0
0
0
0
0
0
0
0
0
0
0
0
0
0
0
0
0
0
0
0
0
0
0
0
0
0
0
0
0
0
0
0
0
0
0
0
0
0
0
0
0
0
0
0
0
0
0
0
0
0
0
0
0
0
0
0
0
0
0
0
0
0
0
0
0
0
0
0
0
0
0
0
0
0
0
0
0
0
0
0
0
0
0
0
0
0
0
0
0
0
0
0
0
0
0
0
0
0
0
0
0
0
0
0
0
0
0
0
0
0
0
0
0
0
0
0
0
0
0
0
0
0
0
0
0
0
0
0
0
0
0
0
0
0
0
0
0
0
0
0
0
0
0
0
0
0
0
0
0
0
0
0
0
0
0
0
0
0
0
0
0
0
0
0
0
0
0
0
0
0
0
0
0
0
0
0
0
0
0
0
0
0
0
0
0
0
0
0
0
0
0
0
0
0
0
0
0
0
0
0
0
0
0
0
0
0
0
0
0
0
0
0
0
0
0
0
0
0
0
0
0
0
0
0
0
0
0
0
0
0
0
0
0
0
0
0
0
0
0
0
0
0
0
0
0
0
0
0
0
0
0
0
0
0
0
0
0
0
0
0
0
0
0
0
0
0
0
0
0
0
0
0
0
0
0
0
0
0
0
0
0
0
0
0
0
0
0
0
0
0
0
0
0
0
0
0
0
0
0
0
0
0
0
0
0
0
0
0
0
0
0
0
0
0
0
0
0
0
0
0
0
0
0
0
0
0
0
0
0
0
0
0
0
0
0
0
0
0
0
0
0
0
0
0
0
0
0
0
0
0
0
0
0
0
0
0
0
0
0
0
0
0
0
0
0
0
0
0
0
0
0
0
0
0
0
0
0
0
0
0
0
0
0
0
0
0
0
0
0
0
0
0
0
0
0
0
0
0
0
0
0
0
0
0
0
0
0
0
0
0
0
0
0
0
0
0
0
0
0
0
0
0
0
0
0
0
0
0
0
0
0
0
0
0
0
0
0
0
0
0
0
0
0
0
0
0
0
0
0
0
0
0
0
0
0
0
0
0
0
0
0
0
0
0
0
0
0
0
0
0
0
0
0
0
0
0
0
0
0
0
0
0
0
0
0
0
0
0
0
0
0
0
0
0
0
0
0
0
0
0
0
0
0
0
0
0
0
0
0
0
0
0
0
0
0
0
0
0
0
0
0
0
0
0
0
0
0
0
0
0
0
0
0
0
0
0
0
0
0
0
0
0
0
0
0
0
0
0
0
0
0
0
0
0
0
0
0
0
0
0
0
0
0
0
0
0
0
0
0
0
0
0
0
0
0
0
0
0
0
0
0
0
0
0
0
0
0
0
0
0
0
0
0
0
0
0
0
0
0
0
0
0
0
0
0
0
0
0
0
0
0
0
0
0
0
0
0
0
0
0
0
0
0
0
0
0
0
0
0
0
0
0
0
0
0
0
0
0
0
0
0
0
0
0
0
0
0
0
0
0
0
0
0
0
0
0
0
0
0
0
0
0
0
0
0
0
0
0
0
0
0
0
0
0
0
0
0
0
0
0
0
0
0
0
0
0
0
0
0
0
0
0
0
0
0
0
0
0
0
0
0
0
0
0
0
0
0
0
0
0
0
0
0
0
0
0
0
0
0
0
0
0
0
0
0
0
0
0
0
0
0
0
0
0
0
0
0
0
0
0
0
0
0
0
0
0
0
0
0
0
0
0
0
0
0
0
0
0
0
0
0
0
0
0
0
0
0
0
0
0
0
0
0
0
0
0
0
0
0
0
0
0
0
0
0
0
0
0
0
0
0
0
0
0
0
0
0
0
0
0
0
0
0
0
0
0
0
0
0
0
0
0
0
0
0
0
0
0
0
0
0
0
0
0
0
0
0
0
0
0
0
0
0
0
0
0
0
0
0
0
0
0
0
0
0
0
0
0
0
0
0
0
0
0
0
0
0
0
0
0
0
0
0
0
0
0
0
0
0
0
0
0
0
0
0
0
0
0
0
0
0
0
0
0
0
0
0
0
0
0
0
0
0
0
0
0
0
0
0
0
0
0
0
0
0
0
0
0
0
0
0
0
0
0
0
0
0
0
0
0
0
0
0
0
0
0
0
0
0
0
0
0
0
0
0
0
0
0
0
0
0
0
0
0
0
0
0
0
0
0
0
0
0
0
0
0
0
0
0
0
0
0
0
0
0
0
0
0
0
0
0
0
0
0
0
0
0
0
0
0
0
0
0
0
0
0
0
0
0
0
0
0
0
0
0
0
0
0
0
0
0
0
0
0
0
0
0
0
0
0
0
0
0
0
0
0
0
0
0
0
0
0
0
0
0
0
0
0
0
0
0
0
0
0
0
0
0
0
0
0
0
0
0
0
0
0
0
0
0
0
0
0
0
0
0
0
0
0
0
0
0
0
0
0
0
0
0
0
0
0
0
0
0
0
0
0
0
0
0
0
0
0
0
0
0
0
0
0
0
0
0
0
0
0
0
0
0
0
0
0
0
0
0
0
0
0
0
0
0
0
0
0
0
0
0
0
0
0
0
0
0
0
0
0
0
0
0
0
0
0
0
0
0
0
0
0
0
0
0
0
0
0
0
0
0
0
0
0
0
0
0
0
0
0
0
0
0
0
0
0
0
0
0
0
0
0
0
0
0
0
0
0
0
0
0
0
0
0
0
0
0
0
0
0
0
0
0
0
0
0
0
0
0
0
0
0
0
0
0
0
0
0
0
0
0
0
0
0
0
0.00288965
0.0148925
0.0244948
0.0316966
0.0364978
0.0388983
0.0388983
0.0364978
0.0316966
0.0244948
0.0148925
0.00288965
0
0
0
0
0
0
0
0
0
0
0
0
0
0
0
0
0
0
0
0
0
0
0
0
0
0
0
0
0
0
0
0
0
0
0
0
0
0
0
0
0
0
0
0
0
0
0
0
0
0
0
0
0
0
0
0
0
0
0
0
0
0
0
0
0
0
0
0
0
0
0
0
0
0
0
0
0
0
0
0
0
0
0
0
0.014884
0.036489
0.0556936
0.0724976
0.0869011
0.0989041
0.108506
0.115708
0.120509
0.12291
0.12291
0.120509
0.115708
0.108506
0.0989041
0.0869011
0.0724976
0.0556936
0.036489
0.014884
0
0
0
0
0
0
0
0
0
0
0
0
0
0
0
0
0
0
0
0
0
0
0
0
0
0
0
0
0
0
0
0
0
0
0
0
0
0
0
0
0
0
0
0
0
0
0
0
0
0
0
0
0
0
0
0
0
0
0
0
0
0
0
0
0
0
0
0
0
0
0
0
0
0
0
0
0
0.0172772
0.0460838
0.07249
0.0964956
0.118101
0.137305
0.15411
0.168513
0.180516
0.190119
0.19732
0.202122
0.204522
0.204522
0.202122
0.19732
0.190119
0.180516
0.168513
0.15411
0.137305
0.118101
0.0964956
0.07249
0.0460838
0.0172772
0
0
0
0
0
0
0
0
0
0
0
0
0
0
0
0
0
0
0
0
0
0
0
0
0
0
0
0
0
0
0
0
0
0
0
0
0
0
0
0
0
0
0
0
0
0
0
0
0
0
0
0
0
0
0
0
0
0
0
0
0
0
0
0
0
0
0
0
0
0
0
0
0.0316743
0.0652819
0.096489
0.125296
0.151702
0.175708
0.197313
0.216518
0.218189
0.218193
0.218196
0.218198
0.2182
0.218201
0.218202
0.218202
0.218201
0.2182
0.218198
0.218196
0.218193
0.218189
0.216518
0.197313
0.175708
0.151702
0.125296
0.096489
0.0652819
0.0316743
0
0
0
0
0
0
0
0
0
0
0
0
0
0
0
0
0
0
0
0
0
0
0
0
0
0
0
0
0
0
0
0
0
0
0
0
0
0
0
0
0
0
0
0
0
0
0
0
0
0
0
0
0
0
0
0
0
0
0
0
0
0
0
0
0
0
0
0
0.0340697
0.0724781
0.108486
0.142094
0.173301
0.202108
0.218181
0.218187
0.218193
0.218198
0.218202
0.218206
0.218209
0.218211
0.218213
0.218215
0.218215
0.218215
0.218215
0.218213
0.218211
0.218209
0.218206
0.218202
0.218198
0.218193
0.218187
0.218181
0.202108
0.173301
0.142094
0.108486
0.0724781
0.0340697
0
0
0
0
0
0
0
0
0
0
0
0
0
0
0
0
0
0
0
0
0
0
0
0
0
0
0
0
0
0
0
0
0
0
0
0
0
0
0
0
0
0
0
0
0
0
0
0
0
0
0
0
0
0
0
0
0
0
0
0
0
0
0
0
0.0244635
0.0676727
0.108482
0.14689
0.182898
0.216506
0.218181
0.218188
0.218194
0.2182
0.218206
0.218211
0.218215
0.218219
0.218222
0.218225
0.218227
0.218228
0.218229
0.218229
0.218228
0.218227
0.218225
0.218222
0.218219
0.218215
0.218211
0.218206
0.2182
0.218194
0.218188
0.218181
0.216506
0.182898
0.14689
0.108482
0.0676727
0.0244635
0
0
0
0
0
0
0
0
0
0
0
0
0
0
0
0
0
0
0
0
0
0
0
0
0
0
0
0
0
0
0
0
0
0
0
0
0
0
0
0
0
0
0
0
0
0
0
0
0
0
0
0
0
0
0
0
0
0
0
0
0.00285596
0.0508657
0.0964753
0.139685
0.180494
0.21817
0.218178
0.218186
0.218194
0.218201
0.218208
0.218214
0.218219
0.218225
0.218229
0.218233
0.218236
0.218239
0.218241
0.218242
0.218243
0.218243
0.218242
0.218241
0.218239
0.218236
0.218233
0.218229
0.218225
0.218219
0.218214
0.218208
0.218201
0.218194
0.218186
0.218178
0.21817
0.180494
0.139685
0.0964753
0.0508657
0.00285596
0
0
0
0
0
0
0
0
0
0
0
0
0
0
0
0
0
0
0
0
0
0
0
0
0
0
0
0
0
0
0
0
0
0
0
0
0
0
0
0
0
0
0
0
0
0
0
0
0
0
0
0
0
0
0
0
0
0.0220574
0.0724676
0.120478
0.166087
0.209297
0.218173
0.218182
0.218191
0.218199
0.218207
0.218214
0.218221
0.218227
0.218233
0.218238
0.218243
0.218247
0.21825
0.218253
0.218255
0.218257
0.218257
0.218257
0.218257
0.218255
0.218253
0.21825
0.218247
0.218243
0.218238
0.218233
0.218227
0.218221
0.218214
0.218207
0.218199
0.218191
0.218182
0.218173
0.209297
0.166087
0.120478
0.0724676
0.0220574
0
0
0
0
0
0
0
0
0
0
0
0
0
0
0
0
0
0
0
0
0
0
0
0
0
0
0
0
0
0
0
0
0
0
0
0
0
0
0
0
0
0
0
0
0
0
0
0
0
0
0
0
0
0
0
0.0364586
0.0892691
0.139679
0.18769
0.218167
0.218176
0.218186
0.218195
0.218204
0.218212
0.21822
0.218228
0.218235
0.218241
0.218247
0.218253
0.218257
0.218261
0.218265
0.218268
0.21827
0.218271
0.218272
0.218272
0.218271
0.21827
0.218268
0.218265
0.218261
0.218257
0.218253
0.218247
0.218241
0.218235
0.218228
0.21822
0.218212
0.218204
0.218195
0.218186
0.218176
0.218167
0.18769
0.139679
0.089269
0.0364586
0
0
0
0
0
0
0
0
0
0
0
0
0
0
0
0
0
0
0
0
0
0
0
0
0
0
0
0
0
0
0
0
0
0
0
0
0
0
0
0
0
0
0
0
0
0
0
0
0
0
0
0
0
0.0460593
0.10127
0.154081
0.204491
0.218169
0.218179
0.218189
0.218199
0.218208
0.218217
0.218226
0.218234
0.218242
0.218249
0.218255
0.218261
0.218267
0.218272
0.218276
0.218279
0.218282
0.218284
0.218286
0.218286
0.218286
0.218286
0.218284
0.218282
0.218279
0.218276
0.218272
0.218267
0.218261
0.218255
0.218249
0.218242
0.218234
0.218226
0.218217
0.218208
0.218199
0.218189
0.218179
0.218169
0.204491
0.154081
0.10127
0.0460593
0
0
0
0
0
0
0
0
0
0
0
0
0
0
0
0
0
0
0
0
0
0
0
0
0
0
0
0
0
0
0
0
0
0
0
0
0
0
0
0
0
0
0
0
0
0
0
0
0
0
0
0.0508597
0.108471
0.163682
0.216493
0.218171
0.218181
0.218192
0.218202
0.218212
0.218221
0.218231
0.218239
0.218248
0.218256
0.218263
0.21827
0.218276
0.218281
0.218286
0.218291
0.218294
0.218297
0.218299
0.218301
0.218301
0.218301
0.218301
0.218299
0.218297
0.218294
0.218291
0.218286
0.218281
0.218276
0.21827
0.218263
0.218256
0.218248
0.218239
0.218231
0.218221
0.218212
0.218202
0.218192
0.218181
0.218171
0.216493
0.163682
0.108471
0.0508597
0
0
0
0
0
0
0
0
0
0
0
0
0
0
0
0
0
0
0
0
0
0
0
0
0
0
0
0
0
0
0
0
0
0
0
0
0
0
0
0
0
0
0
0
0
0
0
0
0
0.0508597
0.110871
0.168482
0.218161
0.218172
0.218183
0.218194
0.218204
0.218215
0.218225
0.218235
0.218244
0.218253
0.218262
0.21827
0.218277
0.218284
0.21829
0.218296
0.218301
0.218305
0.218309
0.218312
0.218314
0.218315
0.218316
0.218316
0.218315
0.218314
0.218312
0.218309
0.218305
0.218301
0.218296
0.21829
0.218284
0.218277
0.21827
0.218262
0.218253
0.218244
0.218235
0.218225
0.218215
0.218204
0.218194
0.218183
0.218172
0.218161
0.168482
0.110871
0.0508597
0
0
0
0
0
0
0
0
0
0
0
0
0
0
0
0
0
0
0
0
0
0
0
0
0
0
0
0
0
0
0
0
0
0
0
0
0
0
0
0
0
0
0
0
0
0
0
0.0460593
0.108471
0.168482
0.218161
0.218172
0.218184
0.218195
0.218206
0.218217
0.218228
0.218238
0.218248
0.218258
0.218267
0.218275
0.218284
0.218291
0.218298
0.218305
0.21831
0.218315
0.21832
0.218324
0.218327
0.218329
0.21833
0.218331
0.218331
0.21833
0.218329
0.218327
0.218324
0.21832
0.218315
0.21831
0.218305
0.218298
0.218291
0.218284
0.218275
0.218267
0.218258
0.218248
0.218238
0.218228
0.218217
0.218206
0.218195
0.218184
0.218172
0.218161
0.168482
0.108471
0.0460593
0
0
0
0
0
0
0
0
0
0
0
0
0
0
0
0
0
0
0
0
0
0
0
0
0
0
0
0
0
0
0
0
0
0
0
0
0
0
0
0
0
0
0
0
0
0.0364586
0.10127
0.163682
0.218161
0.218172
0.218184
0.218196
0.218207
0.218219
0.21823
0.218241
0.218251
0.218261
0.218271
0.21828
0.218289
0.218298
0.218305
0.218312
0.218319
0.218325
0.21833
0.218334
0.218338
0.218341
0.218344
0.218345
0.218346
0.218346
0.218345
0.218344
0.218341
0.218338
0.218334
0.21833
0.218325
0.218319
0.218312
0.218305
0.218298
0.218289
0.21828
0.218271
0.218261
0.218251
0.218241
0.21823
0.218219
0.218207
0.218196
0.218184
0.218172
0.218161
0.163682
0.10127
0.0364586
0
0
0
0
0
0
0
0
0
0
0
0
0
0
0
0
0
0
0
0
0
0
0
0
0
0
0
0
0
0
0
0
0
0
0
0
0
0
0
0
0
0
0
0.0220574
0.0892691
0.154081
0.216493
0.218172
0.218184
0.218196
0.218208
0.218219
0.218231
0.218242
0.218253
0.218264
0.218274
0.218284
0.218294
0.218303
0.218311
0.218319
0.218326
0.218333
0.218339
0.218344
0.218349
0.218353
0.218356
0.218358
0.21836
0.218361
0.218361
0.21836
0.218358
0.218356
0.218353
0.218349
0.218344
0.218339
0.218333
0.218326
0.218319
0.218311
0.218303
0.218294
0.218284
0.218274
0.218264
0.218253
0.218242
0.218231
0.218219
0.218208
0.218196
0.218184
0.218172
0.216493
0.154081
0.0892691
0.0220574
0
0
0
0
0
0
0
0
0
0
0
0
0
0
0
0
0
0
0
0
0
0
0
0
0
0
0
0
0
0
0
0
0
0
0
0
0
0
0
0
0
0.00285596
0.0724676
0.139679
0.204491
0.218171
0.218183
0.218195
0.218207
0.218219
0.218231
0.218243
0.218255
0.218266
0.218277
0.218287
0.218298
0.218307
0.218316
0.218325
0.218333
0.21834
0.218347
0.218353
0.218359
0.207267
0.195267
0.185667
0.178467
0.173667
0.171267
0.171267
0.173667
0.178467
0.185667
0.195267
0.207267
0.218359
0.218353
0.218347
0.21834
0.218333
0.218325
0.218316
0.218307
0.218298
0.218287
0.218277
0.218266
0.218255
0.218243
0.218231
0.218219
0.218207
0.218195
0.218183
0.218171
0.204491
0.139679
0.0724676
0.00285596
0
0
0
0
0
0
0
0
0
0
0
0
0
0
0
0
0
0
0
0
0
0
0
0
0
0
0
0
0
0
0
0
0
0
0
0
0
0
0
0
0.0508657
0.120478
0.18769
0.218169
0.218181
0.218194
0.218206
0.218219
0.218231
0.218243
0.218255
0.218267
0.218278
0.218289
0.2183
0.21831
0.21832
0.21833
0.218338
0.218347
0.218354
0.209667
0.190467
0.173667
0.159267
0.147267
0.137667
0.130467
0.125667
0.123267
0.123267
0.125667
0.130467
0.137667
0.147267
0.159267
0.173667
0.190467
0.209667
0.218354
0.218347
0.218338
0.21833
0.21832
0.21831
0.2183
0.218289
0.218278
0.218267
0.218255
0.218243
0.218231
0.218219
0.218206
0.218194
0.218181
0.218169
0.18769
0.120478
0.0508657
0
0
0
0
0
0
0
0
0
0
0
0
0
0
0
0
0
0
0
0
0
0
0
0
0
0
0
0
0
0
0
0
0
0
0
0
0
0
0
0.0244635
0.0964753
0.166087
0.218167
0.218179
0.218192
0.218204
0.218217
0.21823
0.218242
0.218255
0.218267
0.218279
0.21829
0.218302
0.218313
0.218323
0.218333
0.218343
0.218351
0.209667
0.185667
0.164067
0.144867
0.128067
0.113667
0.101667
0.0920667
0.0848667
0.0800667
0.0776667
0.0776667
0.0800667
0.0848667
0.0920667
0.101667
0.113667
0.128067
0.144867
0.164067
0.185667
0.209667
0.218351
0.218343
0.218333
0.218323
0.218313
0.218302
0.21829
0.218279
0.218267
0.218255
0.218242
0.21823
0.218217
0.218204
0.218192
0.218179
0.218167
0.166087
0.0964753
0.0244635
0
0
0
0
0
0
0
0
0
0
0
0
0
0
0
0
0
0
0
0
0
0
0
0
0
0
0
0
0
0
0
0
0
0
0
0
0
0
0.0676727
0.139685
0.209297
0.218176
0.218189
0.218202
0.218215
0.218228
0.218241
0.218253
0.218266
0.218278
0.21829
0.218302
0.218314
0.218325
0.218336
0.218346
0.218355
0.192867
0.166467
0.142467
0.120867
0.101667
0.0848667
0.0704667
0.0584667
0.0488667
0.0416667
0.0368667
0.0344667
0.0344667
0.0368667
0.0416667
0.0488667
0.0584667
0.0704667
0.0848667
0.101667
0.120867
0.142467
0.166467
0.192867
0.218355
0.218346
0.218336
0.218325
0.218314
0.218302
0.21829
0.218278
0.218266
0.218253
0.218241
0.218228
0.218215
0.218202
0.218189
0.218176
0.209297
0.139685
0.0676727
0
0
0
0
0
0
0
0
0
0
0
0
0
0
0
0
0
0
0
0
0
0
0
0
0
0
0
0
0
0
0
0
0
0
0
0
0
0.0340697
0.108482
0.180494
0.218173
0.218186
0.218199
0.218212
0.218225
0.218238
0.218251
0.218264
0.218277
0.218289
0.218302
0.218314
0.218325
0.218337
0.218347
0.212067
0.180867
0.152067
0.125667
0.101667
0.0800667
0.0608667
0.0440667
0.0296667
0.0176667
0.00806667
0.000866667
0
0
0
0
0.000866667
0.00806667
0.0176667
0.0296667
0.0440667
0.0608667
0.0800667
0.101667
0.125667
0.152067
0.180867
0.212067
0.218347
0.218337
0.218325
0.218314
0.218302
0.218289
0.218277
0.218264
0.218251
0.218238
0.218225
0.218212
0.218199
0.218186
0.218173
0.180494
0.108482
0.0340697
0
0
0
0
0
0
0
0
0
0
0
0
0
0
0
0
0
0
0
0
0
0
0
0
0
0
0
0
0
0
0
0
0
0
0
0
0.0724781
0.14689
0.21817
0.218182
0.218195
0.218208
0.218221
0.218235
0.218248
0.218261
0.218274
0.218287
0.2183
0.218313
0.218325
0.218337
0.218348
0.207267
0.173667
0.142467
0.113667
0.0872667
0.0632667
0.0416667
0.0224667
0.00566667
0
0
0
0
0
0
0
0
0
0
0
0
0.00566667
0.0224667
0.0416667
0.0632667
0.0872667
0.113667
0.142467
0.173667
0.207267
0.218348
0.218337
0.218325
0.218313
0.2183
0.218287
0.218274
0.218261
0.218248
0.218235
0.218221
0.218208
0.218195
0.218182
0.21817
0.14689
0.0724781
0
0
0
0
0
0
0
0
0
0
0
0
0
0
0
0
0
0
0
0
0
0
0
0
0
0
0
0
0
0
0
0
0
0
0
0.0316743
0.108486
0.182898
0.218178
0.218191
0.218204
0.218217
0.218231
0.218244
0.218258
0.218271
0.218284
0.218298
0.21831
0.218323
0.218336
0.218347
0.207267
0.171267
0.137667
0.106467
0.0776667
0.0512667
0.0272667
0.00566667
0
0
0
0
0
0
0
0
0
0
0
0
0
0
0
0
0.00566667
0.0272667
0.0512667
0.0776667
0.106467
0.137667
0.171267
0.207267
0.218347
0.218336
0.218323
0.21831
0.218298
0.218284
0.218271
0.218258
0.218244
0.218231
0.218217
0.218204
0.218191
0.218178
0.182898
0.108486
0.0316743
0
0
0
0
0
0
0
0
0
0
0
0
0
0
0
0
0
0
0
0
0
0
0
0
0
0
0
0
0
0
0
0
0
0
0.0652819
0.142094
0.216506
0.218186
0.218199
0.218212
0.218226
0.218239
0.218253
0.218267
0.21828
0.218294
0.218307
0.21832
0.218333
0.218346
0.212067
0.173667
0.137667
0.104067
0.0728667
0.0440667
0.0176667
0
0
0
0
0
0
0
0
0
0
0
0
0
0
0
0
0
0
0
0
0.0176667
0.0440667
0.0728667
0.104067
0.137667
0.173667
0.212067
0.218346
0.218333
0.21832
0.218307
0.218294
0.21828
0.218267
0.218253
0.218239
0.218226
0.218212
0.218199
0.218186
0.216506
0.142094
0.0652819
0
0
0
0
0
0
0
0
0
0
0
0
0
0
0
0
0
0
0
0
0
0
0
0
0
0
0
0
0
0
0
0
0
0.0172772
0.096489
0.173301
0.218181
0.218194
0.218207
0.21822
0.218234
0.218248
0.218262
0.218275
0.218289
0.218303
0.218316
0.21833
0.218343
0.218355
0.180867
0.142467
0.106467
0.0728667
0.0416667
0.0128667
0
0
0
0
0
0
0
0
0
0
0
0
0
0
0
0
0
0
0
0
0
0
0.0128667
0.0416667
0.0728667
0.106467
0.142467
0.180867
0.218355
0.218343
0.21833
0.218316
0.218303
0.218289
0.218275
0.218262
0.218248
0.218234
0.21822
0.218207
0.218194
0.218181
0.173301
0.096489
0.0172772
0
0
0
0
0
0
0
0
0
0
0
0
0
0
0
0
0
0
0
0
0
0
0
0
0
0
0
0
0
0
0
0
0.0460838
0.125296
0.202108
0.218188
0.218201
0.218214
0.218228
0.218242
0.218256
0.21827
0.218284
0.218298
0.218311
0.218325
0.218338
0.218351
0.192867
0.152067
0.113667
0.0776667
0.0440667
0.0128667
0
0
0
0
0
0
0
0
0
0
0
0
0
0
0
0
0
0
0
0
0
0
0
0
0.0128667
0.0440667
0.0776667
0.113667
0.152067
0.192867
0.218351
0.218338
0.218325
0.218311
0.218298
0.218284
0.21827
0.218256
0.218242
0.218228
0.218214
0.218201
0.218188
0.202108
0.125296
0.0460838
0
0
0
0
0
0
0
0
0
0
0
0
0
0
0
0
0
0
0
0
0
0
0
0
0
0
0
0
0
0
0
0
0.07249
0.151702
0.218181
0.218194
0.218208
0.218221
0.218235
0.218249
0.218263
0.218277
0.218291
0.218305
0.218319
0.218333
0.218347
0.209667
0.166467
0.125667
0.0872667
0.0512667
0.0176667
0
0
0
0
0
0
0
0
0
0
0
0
0
0
0
0
0
0
0
0
0
0
0
0
0
0
0.0176667
0.0512667
0.0872667
0.125667
0.166467
0.209667
0.218347
0.218333
0.218319
0.218305
0.218291
0.218277
0.218263
0.218249
0.218235
0.218221
0.218208
0.218194
0.218181
0.151702
0.07249
0
0
0
0
0
0
0
0
0
0
0
0
0
0
0
0
0
0
0
0
0
0
0
0
0
0
0
0
0
0
0
0.014884
0.0964956
0.175708
0.218187
0.2182
0.218214
0.218227
0.218241
0.218255
0.21827
0.218284
0.218298
0.218312
0.218326
0.21834
0.218354
0.185667
0.142467
0.101667
0.0632667
0.0272667
0
0
0
0
0
0
0
0
0
0
0
0
0
0
0
0
0
0
0
0
0
0
0
0
0
0
0
0
0.0272667
0.0632667
0.101667
0.142467
0.185667
0.218354
0.21834
0.218326
0.218312
0.218298
0.218284
0.21827
0.218255
0.218241
0.218227
0.218214
0.2182
0.218187
0.175708
0.0964956
0.014884
0
0
0
0
0
0
0
0
0
0
0
0
0
0
0
0
0
0
0
0
0
0
0
0
0
0
0
0
0
0
0.036489
0.118101
0.197313
0.218193
0.218206
0.218219
0.218233
0.218247
0.218261
0.218276
0.21829
0.218305
0.218319
0.218333
0.218347
0.209667
0.164067
0.120867
0.0800667
0.0416667
0.00566667
0
0
0
0
0
0
0
0
0
0
0
0
0
0
0
0
0
0
0
0
0
0
0
0
0
0
0
0
0.00566667
0.0416667
0.0800667
0.120867
0.164067
0.209667
0.218347
0.218333
0.218319
0.218305
0.21829
0.218276
0.218261
0.218247
0.218233
0.218219
0.218206
0.218193
0.197313
0.118101
0.036489
0
0
0
0
0
0
0
0
0
0
0
0
0
0
0
0
0
0
0
0
0
0
0
0
0
0
0
0
0
0
0.0556936
0.137305
0.216518
0.218198
0.218211
0.218225
0.218238
0.218253
0.218267
0.218281
0.218296
0.21831
0.218325
0.218339
0.218353
0.190467
0.144867
0.101667
0.0608667
0.0224667
0
0
0
0
0
0
0
0
0
0
0
0
0
0
0
0
0
0
0
0
0
0
0
0
0
0
0
0
0
0
0.0224667
0.0608667
0.101667
0.144867
0.190467
0.218353
0.218339
0.218325
0.21831
0.218296
0.218281
0.218267
0.218253
0.218238
0.218225
0.218211
0.218198
0.216518
0.137305
0.0556936
0
0
0
0
0
0
0
0
0
0
0
0
0
0
0
0
0
0
0
0
0
0
0
0
0
0
0
0
0
0
0.0724976
0.15411
0.218189
0.218202
0.218215
0.218229
0.218243
0.218257
0.218272
0.218286
0.218301
0.218315
0.21833
0.218344
0.218359
0.173667
0.128067
0.0848667
0.0440667
0.00566667
0
0
0
0
0
0
0
0
0
0
0
0
0
0
0
0
0
0
0
0
0
0
0
0
0
0
0
0
0
0
0.00566667
0.0440667
0.0848667
0.128067
0.173667
0.218359
0.218344
0.21833
0.218315
0.218301
0.218286
0.218272
0.218257
0.218243
0.218229
0.218215
0.218202
0.218189
0.15411
0.0724976
0
0
0
0
0
0
0
0
0
0
0
0
0
0
0
0
0
0
0
0
0
0
0
0
0
0
0
0
0
0.00288965
0.0869011
0.168513
0.218193
0.218206
0.218219
0.218233
0.218247
0.218261
0.218276
0.218291
0.218305
0.21832
0.218334
0.218349
0.207267
0.159267
0.113667
0.0704667
0.0296667
0
0
0
0
0
0
0
0
0
0
0
0
0
0
0
0
0
0
0
0
0
0
0
0
0
0
0
0
0
0
0
0
0.0296667
0.0704667
0.113667
0.159267
0.207267
0.218349
0.218334
0.21832
0.218305
0.218291
0.218276
0.218261
0.218247
0.218233
0.218219
0.218206
0.218193
0.168513
0.0869011
0.00288965
0
0
0
0
0
0
0
0
0
0
0
0
0
0
0
0
0
0
0
0
0
0
0
0
0
0
0
0
0.0148925
0.0989041
0.180516
0.218196
0.218209
0.218222
0.218236
0.21825
0.218265
0.218279
0.218294
0.218309
0.218324
0.218338
0.218353
0.195267
0.147267
0.101667
0.0584667
0.0176667
0
0
0
0
0
0
0
0
0
0
0
0
0
0
0
0
0
0
0
0
0
0
0
0
0
0
0
0
0
0
0
0
0.0176667
0.0584667
0.101667
0.147267
0.195267
0.218353
0.218338
0.218324
0.218309
0.218294
0.218279
0.218265
0.21825
0.218236
0.218222
0.218209
0.218196
0.180516
0.0989041
0.0148925
0
0
0
0
0
0
0
0
0
0
0
0
0
0
0
0
0
0
0
0
0
0
0
0
0
0
0
0
0.0244948
0.108506
0.190119
0.218198
0.218211
0.218225
0.218239
0.218253
0.218268
0.218282
0.218297
0.218312
0.218327
0.218341
0.218356
0.185667
0.137667
0.0920667
0.0488667
0.00806667
0
0
0
0
0
0
0
0
0
0
0
0
0
0
0
0
0
0
0
0
0
0
0
0
0
0
0
0
0
0
0
0
0.00806667
0.0488667
0.0920667
0.137667
0.185667
0.218356
0.218341
0.218327
0.218312
0.218297
0.218282
0.218268
0.218253
0.218239
0.218225
0.218211
0.218198
0.190119
0.108506
0.0244948
0
0
0
0
0
0
0
0
0
0
0
0
0
0
0
0
0
0
0
0
0
0
0
0
0
0
0
0
0.0316966
0.115708
0.19732
0.2182
0.218213
0.218227
0.218241
0.218255
0.21827
0.218284
0.218299
0.218314
0.218329
0.218344
0.218358
0.178467
0.130467
0.0848667
0.0416667
0.000866667
0
0
0
0
0
0
0
0
0
0
0
0
0
0
0
0
0
0
0
0
0
0
0
0
0
0
0
0
0
0
0
0
0.000866667
0.0416667
0.0848667
0.130467
0.178467
0.218358
0.218344
0.218329
0.218314
0.218299
0.218284
0.21827
0.218255
0.218241
0.218227
0.218213
0.2182
0.19732
0.115708
0.0316966
0
0
0
0
0
0
0
0
0
0
0
0
0
0
0
0
0
0
0
0
0
0
0
0
0
0
0
0
0.0364978
0.120509
0.202122
0.218201
0.218215
0.218228
0.218242
0.218257
0.218271
0.218286
0.218301
0.218315
0.21833
0.218345
0.21836
0.173667
0.125667
0.0800667
0.0368667
0
0
0
0
0
0
0
0
0
0
0
0
0
0
0
0
0
0
0
0
0
0
0
0
0
0
0
0
0
0
0
0
0
0
0.0368667
0.0800667
0.125667
0.173667
0.21836
0.218345
0.21833
0.218315
0.218301
0.218286
0.218271
0.218257
0.218242
0.218228
0.218215
0.218201
0.202122
0.120509
0.0364978
0
0
0
0
0
0
0
0
0
0
0
0
0
0
0
0
0
0
0
0
0
0
0
0
0
0
0
0
0.0388983
0.12291
0.204522
0.218202
0.218215
0.218229
0.218243
0.218257
0.218272
0.218286
0.218301
0.218316
0.218331
0.218346
0.218361
0.171267
0.123267
0.0776667
0.0344667
0
0
0
0
0
0
0
0
0
0
0
0
0
0
0
0
0
0
0
0
0
0
0
0
0
0
0
0
0
0
0
0
0
0
0.0344667
0.0776667
0.123267
0.171267
0.218361
0.218346
0.218331
0.218316
0.218301
0.218286
0.218272
0.218257
0.218243
0.218229
0.218215
0.218202
0.204522
0.12291
0.0388983
0
0
0
0
0
0
0
0
0
0
0
0
0
0
0
0
0
0
0
0
0
0
0
0
0
0
0
0
0.0388983
0.12291
0.204522
0.218202
0.218215
0.218229
0.218243
0.218257
0.218272
0.218286
0.218301
0.218316
0.218331
0.218346
0.218361
0.171267
0.123267
0.0776667
0.0344667
0
0
0
0
0
0
0
0
0
0
0
0
0
0
0
0
0
0
0
0
0
0
0
0
0
0
0
0
0
0
0
0
0
0
0.0344667
0.0776667
0.123267
0.171267
0.218361
0.218346
0.218331
0.218316
0.218301
0.218286
0.218272
0.218257
0.218243
0.218229
0.218215
0.218202
0.204522
0.12291
0.0388983
0
0
0
0
0
0
0
0
0
0
0
0
0
0
0
0
0
0
0
0
0
0
0
0
0
0
0
0
0.0364978
0.120509
0.202122
0.218201
0.218215
0.218228
0.218242
0.218257
0.218271
0.218286
0.218301
0.218315
0.21833
0.218345
0.21836
0.173667
0.125667
0.0800667
0.0368667
0
0
0
0
0
0
0
0
0
0
0
0
0
0
0
0
0
0
0
0
0
0
0
0
0
0
0
0
0
0
0
0
0
0
0.0368667
0.0800667
0.125667
0.173667
0.21836
0.218345
0.21833
0.218315
0.218301
0.218286
0.218271
0.218257
0.218242
0.218228
0.218215
0.218201
0.202122
0.120509
0.0364978
0
0
0
0
0
0
0
0
0
0
0
0
0
0
0
0
0
0
0
0
0
0
0
0
0
0
0
0
0.0316966
0.115708
0.19732
0.2182
0.218213
0.218227
0.218241
0.218255
0.21827
0.218284
0.218299
0.218314
0.218329
0.218344
0.218358
0.178467
0.130467
0.0848667
0.0416667
0.000866667
0
0
0
0
0
0
0
0
0
0
0
0
0
0
0
0
0
0
0
0
0
0
0
0
0
0
0
0
0
0
0
0
0.000866667
0.0416667
0.0848667
0.130467
0.178467
0.218358
0.218344
0.218329
0.218314
0.218299
0.218284
0.21827
0.218255
0.218241
0.218227
0.218213
0.2182
0.19732
0.115708
0.0316966
0
0
0
0
0
0
0
0
0
0
0
0
0
0
0
0
0
0
0
0
0
0
0
0
0
0
0
0
0.0244948
0.108506
0.190119
0.218198
0.218211
0.218225
0.218239
0.218253
0.218268
0.218282
0.218297
0.218312
0.218327
0.218341
0.218356
0.185667
0.137667
0.0920667
0.0488667
0.00806667
0
0
0
0
0
0
0
0
0
0
0
0
0
0
0
0
0
0
0
0
0
0
0
0
0
0
0
0
0
0
0
0
0.00806667
0.0488667
0.0920667
0.137667
0.185667
0.218356
0.218341
0.218327
0.218312
0.218297
0.218282
0.218268
0.218253
0.218239
0.218225
0.218211
0.218198
0.190119
0.108506
0.0244948
0
0
0
0
0
0
0
0
0
0
0
0
0
0
0
0
0
0
0
0
0
0
0
0
0
0
0
0
0.0148925
0.0989041
0.180516
0.218196
0.218209
0.218222
0.218236
0.21825
0.218265
0.218279
0.218294
0.218309
0.218324
0.218338
0.218353
0.195267
0.147267
0.101667
0.0584667
0.0176667
0
0
0
0
0
0
0
0
0
0
0
0
0
0
0
0
0
0
0
0
0
0
0
0
0
0
0
0
0
0
0
0
0.0176667
0.0584667
0.101667
0.147267
0.195267
0.218353
0.218338
0.218324
0.218309
0.218294
0.218279
0.218265
0.21825
0.218236
0.218222
0.218209
0.218196
0.180516
0.0989041
0.0148925
0
0
0
0
0
0
0
0
0
0
0
0
0
0
0
0
0
0
0
0
0
0
0
0
0
0
0
0
0.00288965
0.0869011
0.168513
0.218193
0.218206
0.218219
0.218233
0.218247
0.218261
0.218276
0.218291
0.218305
0.21832
0.218334
0.218349
0.207267
0.159267
0.113667
0.0704667
0.0296667
0
0
0
0
0
0
0
0
0
0
0
0
0
0
0
0
0
0
0
0
0
0
0
0
0
0
0
0
0
0
0
0
0.0296667
0.0704667
0.113667
0.159267
0.207267
0.218349
0.218334
0.21832
0.218305
0.218291
0.218276
0.218261
0.218247
0.218233
0.218219
0.218206
0.218193
0.168513
0.0869011
0.00288965
0
0
0
0
0
0
0
0
0
0
0
0
0
0
0
0
0
0
0
0
0
0
0
0
0
0
0
0
0
0.0724976
0.15411
0.218189
0.218202
0.218215
0.218229
0.218243
0.218257
0.218272
0.218286
0.218301
0.218315
0.21833
0.218344
0.218359
0.173667
0.128067
0.0848667
0.0440667
0.00566667
0
0
0
0
0
0
0
0
0
0
0
0
0
0
0
0
0
0
0
0
0
0
0
0
0
0
0
0
0
0
0.00566667
0.0440667
0.0848667
0.128067
0.173667
0.218359
0.218344
0.21833
0.218315
0.218301
0.218286
0.218272
0.218257
0.218243
0.218229
0.218215
0.218202
0.218189
0.15411
0.0724976
0
0
0
0
0
0
0
0
0
0
0
0
0
0
0
0
0
0
0
0
0
0
0
0
0
0
0
0
0
0
0.0556936
0.137305
0.216518
0.218198
0.218211
0.218225
0.218238
0.218253
0.218267
0.218281
0.218296
0.21831
0.218325
0.218339
0.218353
0.190467
0.144867
0.101667
0.0608667
0.0224667
0
0
0
0
0
0
0
0
0
0
0
0
0
0
0
0
0
0
0
0
0
0
0
0
0
0
0
0
0
0
0.0224667
0.0608667
0.101667
0.144867
0.190467
0.218353
0.218339
0.218325
0.21831
0.218296
0.218281
0.218267
0.218253
0.218238
0.218225
0.218211
0.218198
0.216518
0.137305
0.0556936
0
0
0
0
0
0
0
0
0
0
0
0
0
0
0
0
0
0
0
0
0
0
0
0
0
0
0
0
0
0
0.036489
0.118101
0.197313
0.218193
0.218206
0.218219
0.218233
0.218247
0.218261
0.218276
0.21829
0.218305
0.218319
0.218333
0.218347
0.209667
0.164067
0.120867
0.0800667
0.0416667
0.00566667
0
0
0
0
0
0
0
0
0
0
0
0
0
0
0
0
0
0
0
0
0
0
0
0
0
0
0
0
0.00566667
0.0416667
0.0800667
0.120867
0.164067
0.209667
0.218347
0.218333
0.218319
0.218305
0.21829
0.218276
0.218261
0.218247
0.218233
0.218219
0.218206
0.218193
0.197313
0.118101
0.036489
0
0
0
0
0
0
0
0
0
0
0
0
0
0
0
0
0
0
0
0
0
0
0
0
0
0
0
0
0
0
0.014884
0.0964956
0.175708
0.218187
0.2182
0.218214
0.218227
0.218241
0.218255
0.21827
0.218284
0.218298
0.218312
0.218326
0.21834
0.218354
0.185667
0.142467
0.101667
0.0632667
0.0272667
0
0
0
0
0
0
0
0
0
0
0
0
0
0
0
0
0
0
0
0
0
0
0
0
0
0
0
0
0.0272667
0.0632667
0.101667
0.142467
0.185667
0.218354
0.21834
0.218326
0.218312
0.218298
0.218284
0.21827
0.218255
0.218241
0.218227
0.218214
0.2182
0.218187
0.175708
0.0964956
0.014884
0
0
0
0
0
0
0
0
0
0
0
0
0
0
0
0
0
0
0
0
0
0
0
0
0
0
0
0
0
0
0
0.07249
0.151702
0.218181
0.218194
0.218208
0.218221
0.218235
0.218249
0.218263
0.218277
0.218291
0.218305
0.218319
0.218333
0.218347
0.209667
0.166467
0.125667
0.0872667
0.0512667
0.0176667
0
0
0
0
0
0
0
0
0
0
0
0
0
0
0
0
0
0
0
0
0
0
0
0
0
0
0.0176667
0.0512667
0.0872667
0.125667
0.166467
0.209667
0.218347
0.218333
0.218319
0.218305
0.218291
0.218277
0.218263
0.218249
0.218235
0.218221
0.218208
0.218194
0.218181
0.151702
0.07249
0
0
0
0
0
0
0
0
0
0
0
0
0
0
0
0
0
0
0
0
0
0
0
0
0
0
0
0
0
0
0
0
0.0460838
0.125296
0.202108
0.218188
0.218201
0.218214
0.218228
0.218242
0.218256
0.21827
0.218284
0.218298
0.218311
0.218325
0.218338
0.218351
0.192867
0.152067
0.113667
0.0776667
0.0440667
0.0128667
0
0
0
0
0
0
0
0
0
0
0
0
0
0
0
0
0
0
0
0
0
0
0
0
0.0128667
0.0440667
0.0776667
0.113667
0.152067
0.192867
0.218351
0.218338
0.218325
0.218311
0.218298
0.218284
0.21827
0.218256
0.218242
0.218228
0.218214
0.218201
0.218188
0.202108
0.125296
0.0460838
0
0
0
0
0
0
0
0
0
0
0
0
0
0
0
0
0
0
0
0
0
0
0
0
0
0
0
0
0
0
0
0
0.0172772
0.096489
0.173301
0.218181
0.218194
0.218207
0.21822
0.218234
0.218248
0.218262
0.218275
0.218289
0.218303
0.218316
0.21833
0.218343
0.218355
0.180867
0.142467
0.106467
0.0728667
0.0416667
0.0128667
0
0
0
0
0
0
0
0
0
0
0
0
0
0
0
0
0
0
0
0
0
0
0.0128667
0.0416667
0.0728667
0.106467
0.142467
0.180867
0.218355
0.218343
0.21833
0.218316
0.218303
0.218289
0.218275
0.218262
0.218248
0.218234
0.21822
0.218207
0.218194
0.218181
0.173301
0.096489
0.0172772
0
0
0
0
0
0
0
0
0
0
0
0
0
0
0
0
0
0
0
0
0
0
0
0
0
0
0
0
0
0
0
0
0
0.0652819
0.142094
0.216506
0.218186
0.218199
0.218212
0.218226
0.218239
0.218253
0.218267
0.21828
0.218294
0.218307
0.21832
0.218333
0.218346
0.212067
0.173667
0.137667
0.104067
0.0728667
0.0440667
0.0176667
0
0
0
0
0
0
0
0
0
0
0
0
0
0
0
0
0
0
0
0
0.0176667
0.0440667
0.0728667
0.104067
0.137667
0.173667
0.212067
0.218346
0.218333
0.21832
0.218307
0.218294
0.21828
0.218267
0.218253
0.218239
0.218226
0.218212
0.218199
0.218186
0.216506
0.142094
0.0652819
0
0
0
0
0
0
0
0
0
0
0
0
0
0
0
0
0
0
0
0
0
0
0
0
0
0
0
0
0
0
0
0
0
0
0.0316743
0.108486
0.182898
0.218178
0.218191
0.218204
0.218217
0.218231
0.218244
0.218258
0.218271
0.218284
0.218298
0.21831
0.218323
0.218336
0.218347
0.207267
0.171267
0.137667
0.106467
0.0776667
0.0512667
0.0272667
0.00566667
0
0
0
0
0
0
0
0
0
0
0
0
0
0
0
0
0.00566667
0.0272667
0.0512667
0.0776667
0.106467
0.137667
0.171267
0.207267
0.218347
0.218336
0.218323
0.21831
0.218298
0.218284
0.218271
0.218258
0.218244
0.218231
0.218217
0.218204
0.218191
0.218178
0.182898
0.108486
0.0316743
0
0
0
0
0
0
0
0
0
0
0
0
0
0
0
0
0
0
0
0
0
0
0
0
0
0
0
0
0
0
0
0
0
0
0
0.0724781
0.14689
0.21817
0.218182
0.218195
0.218208
0.218221
0.218235
0.218248
0.218261
0.218274
0.218287
0.2183
0.218313
0.218325
0.218337
0.218348
0.207267
0.173667
0.142467
0.113667
0.0872667
0.0632667
0.0416667
0.0224667
0.00566667
0
0
0
0
0
0
0
0
0
0
0
0
0.00566667
0.0224667
0.0416667
0.0632667
0.0872667
0.113667
0.142467
0.173667
0.207267
0.218348
0.218337
0.218325
0.218313
0.2183
0.218287
0.218274
0.218261
0.218248
0.218235
0.218221
0.218208
0.218195
0.218182
0.21817
0.14689
0.0724781
0
0
0
0
0
0
0
0
0
0
0
0
0
0
0
0
0
0
0
0
0
0
0
0
0
0
0
0
0
0
0
0
0
0
0
0
0.0340697
0.108482
0.180494
0.218173
0.218186
0.218199
0.218212
0.218225
0.218238
0.218251
0.218264
0.218277
0.218289
0.218302
0.218314
0.218325
0.218337
0.218347
0.212067
0.180867
0.152067
0.125667
0.101667
0.0800667
0.0608667
0.0440667
0.0296667
0.0176667
0.00806667
0.000866667
0
0
0
0
0.000866667
0.00806667
0.0176667
0.0296667
0.0440667
0.0608667
0.0800667
0.101667
0.125667
0.152067
0.180867
0.212067
0.218347
0.218337
0.218325
0.218314
0.218302
0.218289
0.218277
0.218264
0.218251
0.218238
0.218225
0.218212
0.218199
0.218186
0.218173
0.180494
0.108482
0.0340697
0
0
0
0
0
0
0
0
0
0
0
0
0
0
0
0
0
0
0
0
0
0
0
0
0
0
0
0
0
0
0
0
0
0
0
0
0
0.0676727
0.139685
0.209297
0.218176
0.218189
0.218202
0.218215
0.218228
0.218241
0.218253
0.218266
0.218278
0.21829
0.218302
0.218314
0.218325
0.218336
0.218346
0.218355
0.192867
0.166467
0.142467
0.120867
0.101667
0.0848667
0.0704667
0.0584667
0.0488667
0.0416667
0.0368667
0.0344667
0.0344667
0.0368667
0.0416667
0.0488667
0.0584667
0.0704667
0.0848667
0.101667
0.120867
0.142467
0.166467
0.192867
0.218355
0.218346
0.218336
0.218325
0.218314
0.218302
0.21829
0.218278
0.218266
0.218253
0.218241
0.218228
0.218215
0.218202
0.218189
0.218176
0.209297
0.139685
0.0676727
0
0
0
0
0
0
0
0
0
0
0
0
0
0
0
0
0
0
0
0
0
0
0
0
0
0
0
0
0
0
0
0
0
0
0
0
0
0
0.0244635
0.0964753
0.166087
0.218167
0.218179
0.218192
0.218204
0.218217
0.21823
0.218242
0.218255
0.218267
0.218279
0.21829
0.218302
0.218313
0.218323
0.218333
0.218343
0.218351
0.209667
0.185667
0.164067
0.144867
0.128067
0.113667
0.101667
0.0920667
0.0848667
0.0800667
0.0776667
0.0776667
0.0800667
0.0848667
0.0920667
0.101667
0.113667
0.128067
0.144867
0.164067
0.185667
0.209667
0.218351
0.218343
0.218333
0.218323
0.218313
0.218302
0.21829
0.218279
0.218267
0.218255
0.218242
0.21823
0.218217
0.218204
0.218192
0.218179
0.218167
0.166087
0.0964753
0.0244635
0
0
0
0
0
0
0
0
0
0
0
0
0
0
0
0
0
0
0
0
0
0
0
0
0
0
0
0
0
0
0
0
0
0
0
0
0
0
0
0.0508657
0.120478
0.18769
0.218169
0.218181
0.218194
0.218206
0.218219
0.218231
0.218243
0.218255
0.218267
0.218278
0.218289
0.2183
0.21831
0.21832
0.21833
0.218338
0.218347
0.218354
0.209667
0.190467
0.173667
0.159267
0.147267
0.137667
0.130467
0.125667
0.123267
0.123267
0.125667
0.130467
0.137667
0.147267
0.159267
0.173667
0.190467
0.209667
0.218354
0.218347
0.218338
0.21833
0.21832
0.21831
0.2183
0.218289
0.218278
0.218267
0.218255
0.218243
0.218231
0.218219
0.218206
0.218194
0.218181
0.218169
0.18769
0.120478
0.0508657
0
0
0
0
0
0
0
0
0
0
0
0
0
0
0
0
0
0
0
0
0
0
0
0
0
0
0
0
0
0
0
0
0
0
0
0
0
0
0
0
0.00285596
0.0724676
0.139679
0.204491
0.218171
0.218183
0.218195
0.218207
0.218219
0.218231
0.218243
0.218255
0.218266
0.218277
0.218287
0.218298
0.218307
0.218316
0.218325
0.218333
0.21834
0.218347
0.218353
0.218359
0.207267
0.195267
0.185667
0.178467
0.173667
0.171267
0.171267
0.173667
0.178467
0.185667
0.195267
0.207267
0.218359
0.218353
0.218347
0.21834
0.218333
0.218325
0.218316
0.218307
0.218298
0.218287
0.218277
0.218266
0.218255
0.218243
0.218231
0.218219
0.218207
0.218195
0.218183
0.218171
0.204491
0.139679
0.0724676
0.00285596
0
0
0
0
0
0
0
0
0
0
0
0
0
0
0
0
0
0
0
0
0
0
0
0
0
0
0
0
0
0
0
0
0
0
0
0
0
0
0
0
0
0.0220574
0.089269
0.154081
0.216493
0.218172
0.218184
0.218196
0.218208
0.218219
0.218231
0.218242
0.218253
0.218264
0.218274
0.218284
0.218294
0.218303
0.218311
0.218319
0.218326
0.218333
0.218339
0.218344
0.218349
0.218353
0.218356
0.218358
0.21836
0.218361
0.218361
0.21836
0.218358
0.218356
0.218353
0.218349
0.218344
0.218339
0.218333
0.218326
0.218319
0.218311
0.218303
0.218294
0.218284
0.218274
0.218264
0.218253
0.218242
0.218231
0.218219
0.218208
0.218196
0.218184
0.218172
0.216493
0.154081
0.089269
0.0220574
0
0
0
0
0
0
0
0
0
0
0
0
0
0
0
0
0
0
0
0
0
0
0
0
0
0
0
0
0
0
0
0
0
0
0
0
0
0
0
0
0
0
0
0.0364586
0.10127
0.163682
0.218161
0.218172
0.218184
0.218196
0.218207
0.218219
0.21823
0.218241
0.218251
0.218261
0.218271
0.21828
0.218289
0.218298
0.218305
0.218312
0.218319
0.218325
0.21833
0.218334
0.218338
0.218341
0.218344
0.218345
0.218346
0.218346
0.218345
0.218344
0.218341
0.218338
0.218334
0.21833
0.218325
0.218319
0.218312
0.218305
0.218298
0.218289
0.21828
0.218271
0.218261
0.218251
0.218241
0.21823
0.218219
0.218207
0.218196
0.218184
0.218172
0.218161
0.163682
0.10127
0.0364586
0
0
0
0
0
0
0
0
0
0
0
0
0
0
0
0
0
0
0
0
0
0
0
0
0
0
0
0
0
0
0
0
0
0
0
0
0
0
0
0
0
0
0
0
0
0.0460593
0.108471
0.168482
0.218161
0.218172
0.218184
0.218195
0.218206
0.218217
0.218228
0.218238
0.218248
0.218258
0.218267
0.218275
0.218284
0.218291
0.218298
0.218305
0.21831
0.218315
0.21832
0.218324
0.218327
0.218329
0.21833
0.218331
0.218331
0.21833
0.218329
0.218327
0.218324
0.21832
0.218315
0.21831
0.218305
0.218298
0.218291
0.218284
0.218275
0.218267
0.218258
0.218248
0.218238
0.218228
0.218217
0.218206
0.218195
0.218184
0.218172
0.218161
0.168482
0.108471
0.0460593
0
0
0
0
0
0
0
0
0
0
0
0
0
0
0
0
0
0
0
0
0
0
0
0
0
0
0
0
0
0
0
0
0
0
0
0
0
0
0
0
0
0
0
0
0
0
0
0.0508597
0.110871
0.168482
0.218161
0.218172
0.218183
0.218194
0.218204
0.218215
0.218225
0.218235
0.218244
0.218253
0.218262
0.21827
0.218277
0.218284
0.21829
0.218296
0.218301
0.218305
0.218309
0.218312
0.218314
0.218315
0.218316
0.218316
0.218315
0.218314
0.218312
0.218309
0.218305
0.218301
0.218296
0.21829
0.218284
0.218277
0.21827
0.218262
0.218253
0.218244
0.218235
0.218225
0.218215
0.218204
0.218194
0.218183
0.218172
0.218161
0.168482
0.110871
0.0508597
0
0
0
0
0
0
0
0
0
0
0
0
0
0
0
0
0
0
0
0
0
0
0
0
0
0
0
0
0
0
0
0
0
0
0
0
0
0
0
0
0
0
0
0
0
0
0
0
0
0.0508597
0.108471
0.163682
0.216493
0.218171
0.218181
0.218192
0.218202
0.218212
0.218221
0.218231
0.218239
0.218248
0.218256
0.218263
0.21827
0.218276
0.218281
0.218286
0.218291
0.218294
0.218297
0.218299
0.218301
0.218301
0.218301
0.218301
0.218299
0.218297
0.218294
0.218291
0.218286
0.218281
0.218276
0.21827
0.218263
0.218256
0.218248
0.218239
0.218231
0.218221
0.218212
0.218202
0.218192
0.218181
0.218171
0.216493
0.163682
0.108471
0.0508597
0
0
0
0
0
0
0
0
0
0
0
0
0
0
0
0
0
0
0
0
0
0
0
0
0
0
0
0
0
0
0
0
0
0
0
0
0
0
0
0
0
0
0
0
0
0
0
0
0
0
0
0.0460593
0.10127
0.154081
0.204491
0.218169
0.218179
0.218189
0.218199
0.218208
0.218217
0.218226
0.218234
0.218242
0.218249
0.218255
0.218261
0.218267
0.218272
0.218276
0.218279
0.218282
0.218284
0.218286
0.218286
0.218286
0.218286
0.218284
0.218282
0.218279
0.218276
0.218272
0.218267
0.218261
0.218255
0.218249
0.218242
0.218234
0.218226
0.218217
0.218208
0.218199
0.218189
0.218179
0.218169
0.204491
0.154081
0.10127
0.0460593
0
0
0
0
0
0
0
0
0
0
0
0
0
0
0
0
0
0
0
0
0
0
0
0
0
0
0
0
0
0
0
0
0
0
0
0
0
0
0
0
0
0
0
0
0
0
0
0
0
0
0
0
0
0.0364586
0.0892691
0.139679
0.18769
0.218167
0.218176
0.218186
0.218195
0.218204
0.218212
0.21822
0.218228
0.218235
0.218241
0.218247
0.218253
0.218257
0.218261
0.218265
0.218268
0.21827
0.218271
0.218272
0.218272
0.218271
0.21827
0.218268
0.218265
0.218261
0.218257
0.218253
0.218247
0.218241
0.218235
0.218228
0.21822
0.218212
0.218204
0.218195
0.218186
0.218176
0.218167
0.18769
0.139679
0.089269
0.0364586
0
0
0
0
0
0
0
0
0
0
0
0
0
0
0
0
0
0
0
0
0
0
0
0
0
0
0
0
0
0
0
0
0
0
0
0
0
0
0
0
0
0
0
0
0
0
0
0
0
0
0
0
0
0
0
0.0220574
0.0724676
0.120478
0.166087
0.209297
0.218173
0.218182
0.218191
0.218199
0.218207
0.218214
0.218221
0.218227
0.218233
0.218238
0.218243
0.218247
0.21825
0.218253
0.218255
0.218257
0.218257
0.218257
0.218257
0.218255
0.218253
0.21825
0.218247
0.218243
0.218238
0.218233
0.218227
0.218221
0.218214
0.218207
0.218199
0.218191
0.218182
0.218173
0.209297
0.166087
0.120478
0.0724676
0.0220574
0
0
0
0
0
0
0
0
0
0
0
0
0
0
0
0
0
0
0
0
0
0
0
0
0
0
0
0
0
0
0
0
0
0
0
0
0
0
0
0
0
0
0
0
0
0
0
0
0
0
0
0
0
0
0
0
0
0.00285596
0.0508657
0.0964753
0.139685
0.180494
0.21817
0.218178
0.218186
0.218194
0.218201
0.218208
0.218214
0.218219
0.218225
0.218229
0.218233
0.218236
0.218239
0.218241
0.218242
0.218243
0.218243
0.218242
0.218241
0.218239
0.218236
0.218233
0.218229
0.218225
0.218219
0.218214
0.218208
0.218201
0.218194
0.218186
0.218178
0.21817
0.180494
0.139685
0.0964753
0.0508657
0.00285596
0
0
0
0
0
0
0
0
0
0
0
0
0
0
0
0
0
0
0
0
0
0
0
0
0
0
0
0
0
0
0
0
0
0
0
0
0
0
0
0
0
0
0
0
0
0
0
0
0
0
0
0
0
0
0
0
0
0
0
0
0.0244635
0.0676727
0.108482
0.14689
0.182898
0.216506
0.218181
0.218188
0.218194
0.2182
0.218206
0.218211
0.218215
0.218219
0.218222
0.218225
0.218227
0.218228
0.218229
0.218229
0.218228
0.218227
0.218225
0.218222
0.218219
0.218215
0.218211
0.218206
0.2182
0.218194
0.218188
0.218181
0.216506
0.182898
0.14689
0.108482
0.0676727
0.0244635
0
0
0
0
0
0
0
0
0
0
0
0
0
0
0
0
0
0
0
0
0
0
0
0
0
0
0
0
0
0
0
0
0
0
0
0
0
0
0
0
0
0
0
0
0
0
0
0
0
0
0
0
0
0
0
0
0
0
0
0
0
0
0
0
0.0340697
0.0724781
0.108486
0.142094
0.173301
0.202108
0.218181
0.218187
0.218193
0.218198
0.218202
0.218206
0.218209
0.218211
0.218213
0.218215
0.218215
0.218215
0.218215
0.218213
0.218211
0.218209
0.218206
0.218202
0.218198
0.218193
0.218187
0.218181
0.202108
0.173301
0.142094
0.108486
0.0724781
0.0340697
0
0
0
0
0
0
0
0
0
0
0
0
0
0
0
0
0
0
0
0
0
0
0
0
0
0
0
0
0
0
0
0
0
0
0
0
0
0
0
0
0
0
0
0
0
0
0
0
0
0
0
0
0
0
0
0
0
0
0
0
0
0
0
0
0
0
0
0
0.0316743
0.0652819
0.096489
0.125296
0.151702
0.175708
0.197313
0.216518
0.218189
0.218193
0.218196
0.218198
0.2182
0.218201
0.218202
0.218202
0.218201
0.2182
0.218198
0.218196
0.218193
0.218189
0.216518
0.197313
0.175708
0.151702
0.125296
0.096489
0.0652819
0.0316743
0
0
0
0
0
0
0
0
0
0
0
0
0
0
0
0
0
0
0
0
0
0
0
0
0
0
0
0
0
0
0
0
0
0
0
0
0
0
0
0
0
0
0
0
0
0
0
0
0
0
0
0
0
0
0
0
0
0
0
0
0
0
0
0
0
0
0
0
0
0
0
0
0.0172772
0.0460838
0.07249
0.0964956
0.118101
0.137305
0.15411
0.168513
0.180516
0.190119
0.19732
0.202122
0.204522
0.204522
0.202122
0.19732
0.190119
0.180516
0.168513
0.15411
0.137305
0.118101
0.0964956
0.07249
0.0460838
0.0172772
0
0
0
0
0
0
0
0
0
0
0
0
0
0
0
0
0
0
0
0
0
0
0
0
0
0
0
0
0
0
0
0
0
0
0
0
0
0
0
0
0
0
0
0
0
0
0
0
0
0
0
0
0
0
0
0
0
0
0
0
0
0
0
0
0
0
0
0
0
0
0
0
0
0
0
0
0
0.014884
0.036489
0.0556936
0.0724976
0.0869011
0.0989041
0.108506
0.115708
0.120509
0.12291
0.12291
0.120509
0.115708
0.108506
0.0989041
0.0869011
0.0724976
0.0556936
0.036489
0.014884
0
0
0
0
0
0
0
0
0
0
0
0
0
0
0
0
0
0
0
0
0
0
0
0
0
0
0
0
0
0
0
0
0
0
0
0
0
0
0
0
0
0
0
0
0
0
0
0
0
0
0
0
0
0
0
0
0
0
0
0
0
0
0
0
0
0
0
0
0
0
0
0
0
0
0
0
0
0
0
0
0
0
0
0
0.00288965
0.0148925
0.0244948
0.0316966
0.0364978
0.0388983
0.0388983
0.0364978
0.0316966
0.0244948
0.0148925
0.00288965
0
0
0
0
0
0
0
0
0
0
0
0
0
0
0
0
0
0
0
0
0
0
0
0
0
0
0
0
0
0
0
0
0
0
0
0
0
0
0
0
0
0
0
0
0
0
0
0
0
0
0
0
0
0
0
0
0
0
0
0
0
0
0
0
0
0
0
0
0
0
0
0
0
0
0
0
0
0
0
0
0
0
0
0
0
0
0
0
0
0
0
0
0
0
0
0
0
0
0
0
0
0
0
0
0
0
0
0
0
0
0
0
0
0
0
0
0
0
0
0
0
0
0
0
0
0
0
0
0
0
0
0
0
0
0
0
0
0
0
0
0
0
0
0
0
0
0
0
0
0
0
0
0
0
0
0
0
0
0
0
0
0
0
0
0
0
0
0
0
0
0
0
0
0
0
0
0
0
0
0
0
0
0
0
0
0
0
0
0
0
0
0
0
0
0
0
0
0
0
0
0
0
0
0
0
0
0
0
0
0
0
0
0
0
0
0
0
0
0
0
0
0
0
0
0
0
0
0
0
0
0
0
0
0
0
0
0
0
0
0
0
0
0
0
0
0
0
0
0
0
0
0
0
0
0
0
0
0
0
0
0
0
0
0
0
0
0
0
0
0
0
0
0
0
0
0
0
0
0
0
0
0
0
0
0
0
0
0
0
0
0
0
0
0
0
0
0
0
0
0
0
0
0
0
0
0
0
0
0
0
0
0
0
0
0
0
0
0
0
0
0
0
0
0
0
0
0
0
0
0
0
0
0
0
0
0
0
0
0
0
0
0
0
0
0
0
0
0
0
0
0
0
0
0
0
0
0
0
0
0
0
0
0
0
0
0
0
0
0
0
0
0
0
0
0
0
0
0
0
0
0
0
0
0
0
0
0
0
0
0
0
0
0
0
0
0
0
0
0
0
0
0
0
0
0
0
0
0
0
0
0
0
0
0
0
0
0
0
0
0
0
0
0
0
0
0
0
0
0
0
0
0
0
0
0
0
0
0
0
0
0
0
0
0
0
0
0
0
0
0
0
0
0
0
0
0
0
0
0
0
0
0
0
0
0
0
0
0
0
0
0
0
0
0
0
0
0
0
0
0
0
0
0
0
0
0
0
0
0
0
0
0
0
0
0
0
0
0
0
0
0
0
0
0
0
0
0
0
0
0
0
0
0
0
0
0
0
0
0
0
0
0
0
0
0
0
0
0
0
0
0
0
0
0
0
0
0
0
0
0
0
0
0
0
0
0
0
0
0
0
0
0
0
0
0
0
0
0
0
0
0
0
0
0
0
0
0
0
0
0
0
0
0
0
0
0
0
0
0
0
0
0
0
0
0
0
0
0
0
0
0
0
0
0
0
0
0
0
0
0
0
0
0
0
0
0
0
0
0
0
0
0
0
0
0
0
0
0
0
0
0
0
0
0
0
0
0
0
0
0
0
0
0
0
0
0
0
0
0
0
0
0
0
0
0
0
0
0
0
0
0
0
0
0
0
0
0
0
0
0
0
0
0
0
0
0
0
0
0
0
0
0
0
0
0
0
0
0
0
0
0
0
0
0
0
0
0
0
0
0
0
0
0
0
0
0
0
0
0
0
0
0
0
0
0
0
0
0
0
0
0
0
0
0
0
0
0
0
0
0
0
0
0
0
0
0
0
0
0
0
0
0
0
0
0
0
0
0
0
0
0
0
0
0
0
0
0
0
0
0
0
0
0
0
0
0
0
0
0
0
0
0
0
0
0
0
0
0
0
0
0
0
0
0
0
0
0
0
0
0
0
0
0
0
0
0
0
0
0
0
0
0
0
0
0
0
0
0
0
0
0
0
0
0
0
0
0
0
0
0
0
0
0
0
0
0
0
0
0
0
0
0
0
0
0
0
0
0
0
0
0
0
0
0
0
0
0
0
0
0
0
0
0
0
0
0
0
0
0
0
0
0
0
0
0
0
0
0
0
0
0
0
0
0
0
0
0
0
0
0
0
0
0
0
0
0
0
0
0
0
0
0
0
0
0
0
0
0
0
0
0
0
0
0
0
0
0
0
0
0
0
0
0
0
0
0
0
0
0
0
0
0
0
0
0
0
0
0
0
0
0
0
0
0
0
0
0
0
0
0
0
0
0
0
0
0
0
0
0
0
0
0
0
0
0
0
0
0
0
0
0
0
0
0
0
0
0
0
0
0
0
0
0
0
0
0
0
0
0
0
0
0
0
0
0
0
0
0
0
0
0
0
0
0
0
0
0
0
0
0
0
0
0
0
0
0
0
0
0
0
0
0
0
0
0
0
0
0
0
0
0
0
0
0
0
0
0
0
0
0
0
0
0
0
0
0
0
0
0
0
0
0
0
0
0
0
0
0
0
0
0
0
0
0
0
0
0
0
0
0
0
0
0
0
0
0
0
0
0
0
0
0
0
0
0
0
0
0
0
0
0
0
0
0
0
0
0
0
0
0
0
0
0
0
0
0
0
0
0
0
0
0
0
0
0
0
0
0
0
0
0
0
0
0
0
0
0
0
0
0
0
0
0
0
0
0
0
0
0
0
0
0
0
0
0
0
0
0
0
0
0
0
0
0
0
0
0
0
0
0
0
0
0
0
0
0
0
0
0
0
0
0
0
0
0
0
0
0
0
0
0
0
0
0
0
0
0
0
0
0
0
0
0
0
0
0
0
0
0
0
0
0
0
0
0
0
0
0
0
0
0
0
0
0
0
0
0
0
0
0
0
0
0
0
0
0
0
0
0
0
0
0
0
0
0
0
0
0
0
0
0
0
0
0
0
0
0
0
0
0
0
0
0
0
0
0
0
0
0
0
0
0
0
0
0
0
0
0
0
0
0
0
0
0
0
0
0
0
0
0
0
0
0
0
0
0
0
0
0
0
0
0
0
0
0
0
0
0
0
0
0
0
0
0
0
0
0
0
0
0
0
0
0
0
0
0
0
0
0
0
0
0
0
0
0
0
0
0
0
0
0
0
0
0
0
0
0
0
0
0
0
0
0
0
0
0
0
0
0
0
0
0
0
0
0
0
0
0
0
0
0
0
0
0
0
0
0
0
0
0
0
0
0
0
0
0
0
0
0
0
0
0
0
0
0
0
0
0
0
0
0
0
0
0
0
0
0
0
0
0
0
0
0
0
0
0
0
0
0
0
0
0
0
0
0
0
0
0
0
0
0
0
0
0
0
0
0
0
0
0
0
0
0
0
0
0
0
0
0
0
0
0
0
0
0
0
0
0
0
0
0
0
0
0
0
0
0
0
0
0
0
0
0
0
)
;

boundaryField
{
    backAndFront
    {
        type            empty;
    }
    dirichletBoundary
    {
        type            calculated;
        value           uniform 0;
    }
}


// ************************************************************************* //
